0.13186779651013047, 0.45480742821326614
1.0549457256610584, 1.0259613623985877
2.5934072641225967, 1.3778843512901893
5.802198137555804, 1.556730637183556
8.30769297840831, 1.7817307252150316
12.219779884422218, 2.20288452735314
17.4945068359375, 2.6817306371835565
23.12087845016312, 3.102884659400353
28.043957385388047, 3.4375
33.45054877983345, 3.7317307912386384
38.94505427433894, 3.9451922636765704
44.395604395604394, 4.043269230769231
49.09889975746909, 3.933653868161715
51.86813186813187, 3.6971153846153846
