23749 190.666 185 4 2 4 2 3 2 1.30857 -0.102739 0.529654 0.124634 0.00766502 -0.195891 0.755911 0.784074
23750 190.674 185 4 2 4 2 3 2 1.30942 -0.0928955 0.53004 0.12467 0.00611938 -0.195944 0.755911 0.784074
23751 190.682 185 4 2 4 2 3 2 1.31323 -0.100109 0.531811 0.124803 0.00457337 -0.195984 0.754687 0.785707
23752 190.69 185 4 2 4 2 3 2 1.31506 -0.0981494 0.532744 0.124788 0.00302709 -0.196013 0.756319 0.785707
23753 190.698 185 4 2 4 2 3 2 1.31071 -0.0930123 0.530781 0.124574 0.00148062 -0.19603 0.755911 0.785707
23754 190.705 185 4 2 4 2 3 2 1.30346 -0.0981804 0.526788 0.124941 -6.59297e-05 -0.196035 0.756727 0.786115
23755 190.713 185 4 2 4 2 3 2 1.30766 -0.0932871 0.529191 0.124637 -0.00161248 -0.196029 0.755911 0.785298
23756 190.721 185 4 2 4 2 3 2 1.30674 -0.0921985 0.528988 0.124382 -0.00315893 -0.196011 0.756319 0.786115
23757 190.729 185 4 2 4 2 3 2 1.30631 -0.0949375 0.52837 0.124784 -0.00470519 -0.195981 0.754687 0.785707
23758 190.737 185 4 2 4 2 3 2 1.30695 -0.0938145 0.529096 0.124377 -0.00625118 -0.19594 0.755503 0.784074
23759 190.745 185 4 2 4 2 3 2 1.30395 -0.0969964 0.527587 0.12439 -0.00779679 -0.195886 0.755503 0.784482
23760 190.753 185 4 2 4 2 3 2 1.30433 -0.0902498 0.527655 0.124509 -0.00934193 -0.195821 0.755095 0.786115
23761 190.761 185 4 2 4 2 3 2 1.30959 -0.0913428 0.530161 0.124633 -0.0108865 -0.195745 0.755911 0.786115
23762 190.769 185 4 2 4 2 3 2 1.3053 -0.0939751 0.528146 0.124506 -0.012433 -0.195656 0.756319 0.786523
23763 190.776 185 4 2 4 2 3 2 1.30056 -0.0905216 0.525536 0.124741 -0.0139788 -0.195556 0.756727 0.786115
23764 190.784 185 4 2 4 2 3 2 1.29879 -0.0884688 0.524907 0.124487 -0.0155237 -0.195444 0.755911 0.785707
23765 190.792 185 4 2 4 2 3 2 1.30367 -0.0875827 0.52766 0.124175 -0.0170677 -0.19532 0.756319 0.785707
23766 190.8 185 4 2 4 2 3 2 1.30044 -0.0894657 0.525865 0.124356 -0.0186106 -0.195185 0.755095 0.786115
23767 190.808 185 4 2 4 2 3 2 1.30112 -0.0871037 0.52636 0.124198 -0.0201525 -0.195038 0.755911 0.784482
23768 190.816 185 4 2 4 2 3 2 1.2973 -0.0932055 0.524328 0.124321 -0.0216931 -0.194879 0.755503 0.783258
23769 190.824 185 4 2 5 2 3 2 1.29627 -0.0897941 0.523784 0.124352 -0.0232324 -0.194708 0.755503 0.784482
23770 190.832 185 4 2 4 2 3 2 1.30394 -0.086352 0.527594 0.124376 -0.0247704 -0.194526 0.755503 0.786523
23771 190.84 185 4 2 4 2 3 2 1.30106 -0.082703 0.526091 0.12444 -0.0263068 -0.194332 0.756319 0.786523
23772 190.848 185 4 2 4 2 3 2 1.29669 -0.0899847 0.523829 0.124515 -0.0278417 -0.194127 0.756319 0.786115
23773 190.856 185 4 2 4 2 3 2 1.29133 -0.0836803 0.521536 0.124127 -0.0293749 -0.193909 0.756319 0.786115
23774 190.863 185 4 2 4 2 3 2 1.29594 -0.0828504 0.524087 0.123884 -0.0309064 -0.193681 0.756319 0.786523
23775 190.871 185 4 2 4 2 3 2 1.29266 -0.0831968 0.522384 0.123946 -0.032436 -0.19344 0.755503 0.786523
23776 190.879 185 4 2 4 2 3 2 1.29422 -0.0836879 0.523262 0.123847 -0.0339636 -0.193188 0.755911 0.784482
23777 190.887 185 4 2 4 2 3 2 1.29177 -0.0860631 0.521924 0.123959 -0.0354918 -0.192924 0.755095 0.783258
23778 190.895 185 4 2 4 2 3 2 1.29143 -0.0824033 0.521689 0.124026 -0.0370179 -0.192648 0.755911 0.784482
23779 190.903 185 4 2 4 2 3 2 1.29453 -0.0781857 0.523202 0.124061 -0.0385417 -0.192361 0.755095 0.786115
23780 190.911 185 4 2 4 2 3 2 1.2956 -0.0823415 0.523661 0.12414 -0.0400633 -0.192062 0.756319 0.785707
23781 190.919 185 4 2 4 2 3 2 1.28938 -0.0847924 0.520719 0.123973 -0.0415824 -0.191752 0.755911 0.785707
23782 190.927 185 4 2 4 2 3 2 1.28591 -0.0767544 0.519002 0.123954 -0.043099 -0.19143 0.756727 0.786115
23783 190.935 185 4 2 4 2 3 2 1.28807 -0.078599 0.520374 0.123663 -0.044613 -0.191096 0.756319 0.786115
23784 190.943 185 4 2 4 2 3 2 1.28641 -0.0772469 0.519677 0.123528 -0.0461243 -0.190751 0.755503 0.786115
23785 190.95 185 4 2 4 2 3 2 1.28621 -0.0805472 0.519362 0.123741 -0.0476329 -0.190394 0.754687 0.785707
23786 190.958 185 4 2 4 2 3 2 1.28699 -0.0787297 0.520039 0.123455 -0.0491386 -0.190026 0.755503 0.784074
23787 190.966 185 4 2 5 2 3 2 1.28322 -0.0767442 0.518105 0.123506 -0.0506439 -0.189646 0.755503 0.784482
23788 190.974 185 4 2 4 2 3 2 1.28424 -0.0771078 0.518498 0.123623 -0.0521462 -0.189255 0.755095 0.785707
23789 190.982 185 4 2 4 2 3 2 1.28719 -0.0782903 0.519925 0.123671 -0.0536453 -0.188852 0.755911 0.786115
23790 190.99 185 4 2 4 2 3 2 1.28414 -0.075671 0.518402 0.123669 -0.0551412 -0.188437 0.756319 0.786115
23791 190.998 185 4 2 4 2 3 2 1.28195 -0.0743482 0.51715 0.123826 -0.0566338 -0.188012 0.756319 0.786115
23792 191.006 185 4 2 4 2 3 2 1.2789 -0.0721194 0.51594 0.123511 -0.0581229 -0.187575 0.756727 0.785707
23793 191.014 185 4 2 4 2 3 2 1.27836 -0.0731195 0.516029 0.123153 -0.0596085 -0.187126 0.756319 0.786523
23794 191.022 185 4 2 4 2 3 2 1.27986 -0.0731857 0.516703 0.123229 -0.0610932 -0.186665 0.755095 0.786523
23795 191.03 185 4 2 4 2 3 2 1.27797 -0.0687909 0.51581 0.123173 -0.0625741 -0.186194 0.755911 0.784482
23796 191.038 185 4 2 4 2 3 2 1.27466 -0.0776594 0.514044 0.123286 -0.0640513 -0.18571 0.755095 0.783258
23797 191.046 185 4 2 4 2 3 2 1.27726 -0.0728014 0.515283 0.123344 -0.0655245 -0.185216 0.755911 0.784482
23798 191.054 185 4 2 4 2 3 2 1.2821 -0.0641737 0.51767 0.123383 -0.0669938 -0.18471 0.754687 0.786115
23799 191.062 185 4 2 4 2 3 2 1.27952 -0.0719307 0.51637 0.123391 -0.0684591 -0.184193 0.756319 0.785707
23800 191.069 185 4 2 4 2 3 2 1.27408 -0.0686655 0.514049 0.12299 -0.0699201 -0.183665 0.755911 0.785707
23801 191.077 185 4 2 4 2 3 2 1.26883 -0.0735728 0.511013 0.123405 -0.0713796 -0.183125 0.756727 0.786115
23802 191.085 185 4 2 4 2 3 2 1.27233 -0.0640654 0.513103 0.123062 -0.0728347 -0.182574 0.755911 0.785707
23803 191.093 185 4 2 4 2 3 2 1.27185 -0.0648812 0.513151 0.122773 -0.0742854 -0.182011 0.756319 0.786523
23804 191.101 185 4 2 4 2 3 2 1.26994 -0.0666989 0.511974 0.122994 -0.0757315 -0.181438 0.755095 0.786115
23805 191.109 185 4 2 4 2 3 2 1.26991 -0.0644102 0.512239 0.122717 -0.0771731 -0.180853 0.755095 0.78489
23806 191.117 185 4 2 4 2 3 2 1.26695 -0.069749 0.510539 0.122935 -0.0786099 -0.180258 0.754278 0.782441
23807 191.125 185 4 2 5 2 3 2 1.26568 -0.0691605 0.509714 0.123127 -0.0800446 -0.17965 0.755095 0.78489
23808 191.133 185 4 2 4 2 3 2 1.27392 -0.0605086 0.513747 0.123213 -0.0814743 -0.179032 0.755095 0.786523
23809 191.141 185 4 2 4 2 3 2 1.27141 -0.0629809 0.512544 0.123162 -0.0828991 -0.178402 0.756319 0.786115
23810 191.149 185 4 2 4 2 3 2 1.26714 -0.0629055 0.51068 0.122891 -0.0843189 -0.177762 0.755911 0.785707
23811 191.157 185 4 2 4 2 3 2 1.26147 -0.0612207 0.507799 0.122937 -0.0857335 -0.177111 0.756727 0.786115
23812 191.165 185 4 2 4 2 3 2 1.26528 -0.0596652 0.509999 0.122641 -0.0871454 -0.176447 0.755911 0.785707
23813 191.173 185 4 2 4 2 3 2 1.26394 -0.0572745 0.509584 0.122386 -0.088552 -0.175773 0.756319 0.786523
23814 191.181 185 4 2 4 2 3 2 1.26283 -0.0604517 0.508781 0.122632 -0.0899532 -0.175088 0.755095 0.786523
23815 191.189 185 4 2 4 2 3 2 1.26298 -0.0576 0.509167 0.122325 -0.0913488 -0.174393 0.755095 0.78489
23816 191.197 185 4 2 4 2 3 2 1.25715 -0.0637522 0.506029 0.122546 -0.0927389 -0.173686 0.755095 0.782441
23817 191.205 185 4 2 4 2 3 2 1.25864 -0.0595814 0.506614 0.122706 -0.0941258 -0.172968 0.755911 0.784482
23818 191.213 185 4 2 4 2 3 2 1.26633 -0.0509142 0.510464 0.122699 -0.0955069 -0.172239 0.754687 0.786115
23819 191.221 185 4 2 4 2 3 2 1.2643 -0.0588771 0.509488 0.122663 -0.0968822 -0.1715 0.756319 0.786115
23820 191.229 185 4 2 4 2 3 2 1.25952 -0.0538339 0.507576 0.122184 -0.0982515 -0.17075 0.756319 0.786115
23821 191.237 185 4 2 4 2 3 2 1.25387 -0.0564551 0.504494 0.12244 -0.0996148 -0.169989 0.756727 0.786115
23822 191.245 185 4 2 4 2 3 2 1.25446 -0.0506872 0.505028 0.122205 -0.100974 -0.169217 0.756727 0.785707
23823 191.253 185 4 2 4 2 3 2 1.25376 -0.0526771 0.504968 0.121912 -0.102328 -0.168434 0.756319 0.786523
23824 191.261 185 4 2 4 2 3 2 1.25591 -0.0540903 0.505972 0.121983 -0.103675 -0.16764 0.755503 0.786115
23825 191.269 185 4 2 4 2 3 2 1.25458 -0.0490656 0.505328 0.121963 -0.105016 -0.166837 0.755095 0.785707
23826 191.277 185 4 2 4 2 3 2 1.25219 -0.0510129 0.504105 0.121989 -0.106353 -0.166021 0.755503 0.784482
23827 191.285 185 4 2 4 2 3 2 1.25175 -0.0510046 0.503892 0.121984 -0.107683 -0.165195 0.755911 0.784074
23828 191.293 185 4 2 4 2 3 2 1.25103 -0.0516948 0.503563 0.121951 -0.109006 -0.164359 0.755503 0.784482
23829 191.301 185 4 2 4 2 3 2 1.25481 -0.0490015 0.505444 0.121963 -0.110323 -0.163513 0.755503 0.786523
23830 191.309 185 4 2 4 2 3 2 1.25409 -0.0445075 0.505058 0.121986 -0.111635 -0.162655 0.756319 0.785707
23831 191.317 185 4 2 4 2 3 2 1.24828 -0.0515254 0.502248 0.12189 -0.112941 -0.161787 0.755911 0.785707
23832 191.325 185 4 2 4 2 3 2 1.24528 -0.046118 0.500639 0.122 -0.114239 -0.160909 0.756727 0.786115
23833 191.333 185 4 2 4 2 3 2 1.24661 -0.043399 0.501576 0.121727 -0.115531 -0.16002 0.755911 0.785707
23834 191.341 185 4 2 4 2 3 2 1.24712 -0.0440028 0.502062 0.121498 -0.116815 -0.159122 0.756727 0.786523
23835 191.35 185 4 2 4 2 3 2 1.24537 -0.0476316 0.50117 0.121513 -0.118094 -0.158212 0.755503 0.786523
23836 191.358 185 4 2 4 2 3 2 1.24594 -0.0387672 0.501435 0.121536 -0.119366 -0.157293 0.755095 0.78489
23837 191.366 185 4 2 4 2 3 2 1.24351 -0.0478495 0.500118 0.121637 -0.12063 -0.156363 0.755503 0.784482
23838 191.374 185 4 2 4 2 3 2 1.24389 -0.0387932 0.500347 0.121601 -0.121887 -0.155424 0.755911 0.783666
23839 191.382 185 4 2 4 2 3 2 1.24186 -0.0439087 0.499366 0.121561 -0.123139 -0.154473 0.755911 0.784482
23840 191.39 185 4 2 4 2 3 2 1.24664 -0.0385997 0.501743 0.121576 -0.124383 -0.153512 0.755095 0.786523
23841 191.398 185 4 2 4 2 3 2 1.24576 -0.037128 0.501289 0.12159 -0.125619 -0.152542 0.756319 0.785707
23842 191.406 185 4 2 4 2 3 2 1.24114 -0.0412045 0.499307 0.121263 -0.126848 -0.151562 0.755911 0.786115
23843 191.414 185 4 2 4 2 3 2 1.2379 -0.0367425 0.497455 0.121496 -0.128071 -0.150571 0.756319 0.786115
23844 191.422 185 4 2 4 2 3 2 1.23672 -0.0350925 0.497117 0.121244 -0.129285 -0.14957 0.756319 0.786115
23845 191.43 185 4 2 4 2 3 2 1.2388 -0.0379882 0.498326 0.121073 -0.130492 -0.14856 0.756319 0.786523
23846 191.438 185 4 2 4 2 3 2 1.23766 -0.0320495 0.497744 0.121086 -0.131693 -0.147539 0.756319 0.786115
23847 191.447 185 4 2 4 2 3 2 1.23805 -0.0365356 0.497817 0.121206 -0.132885 -0.146508 0.755095 0.786115
23848 191.455 185 4 2 4 2 3 2 1.23667 -0.0337728 0.497476 0.120857 -0.134069 -0.145468 0.755503 0.784482
23849 191.463 185 4 2 4 2 3 2 1.23309 -0.0347769 0.495515 0.121032 -0.135245 -0.144418 0.755911 0.783666
23850 191.471 185 4 2 4 2 3 2 1.23484 -0.0298916 0.496221 0.121199 -0.136414 -0.143358 0.755503 0.784482
23851 191.479 185 4 2 4 2 3 2 1.23938 -0.0292496 0.498653 0.121035 -0.137575 -0.142288 0.755503 0.784482
23852 191.487 185 4 2 4 2 3 2 1.23743 -0.0348229 0.497697 0.12102 -0.138727 -0.141209 0.755503 0.786523
23853 191.495 185 4 2 4 2 3 2 1.23704 -0.026269 0.497488 0.12103 -0.13987 -0.140122 0.756319 0.785707
23854 191.503 185 4 2 4 2 3 2 1.23301 -0.029372 0.495739 0.120769 -0.141007 -0.139023 0.756319 0.786523
23855 191.512 185 4 2 4 2 3 2 1.23092 -0.0305192 0.494515 0.120946 -0.142134 -0.137915 0.756319 0.786115
23856 191.52 185 4 2 4 2 3 2 1.22762 -0.0272661 0.49315 0.120659 -0.143253 -0.136799 0.756727 0.786115
23857 191.528 185 4 2 4 2 3 2 1.23238 -0.0235591 0.495589 0.120601 -0.144365 -0.135672 0.755911 0.785707
23858 191.536 185 4 2 4 2 3 2 1.22964 -0.0251443 0.494262 0.12056 -0.145467 -0.134535 0.756319 0.786115
23859 191.544 185 4 2 4 2 3 2 1.23024 -0.0259135 0.49438 0.12074 -0.14656 -0.133391 0.755503 0.786115
23860 191.552 185 4 2 4 2 3 2 1.22917 -0.0242982 0.49379 0.120793 -0.147644 -0.132237 0.754687 0.785707
23861 191.561 185 4 2 4 2 3 2 1.22983 -0.0236897 0.494214 0.120703 -0.148721 -0.131073 0.755911 0.784482
23862 191.569 185 4 2 4 2 3 2 1.22676 -0.0229941 0.492575 0.120804 -0.149788 -0.129901 0.755095 0.783258
23863 191.577 185 4 2 4 2 3 2 1.22671 -0.022757 0.492497 0.12086 -0.150845 -0.12872 0.755503 0.784074
23864 191.585 185 4 2 4 2 3 2 1.23126 -0.0157666 0.49473 0.1209 -0.151895 -0.127528 0.755503 0.784482
23865 191.593 185 4 2 4 2 3 2 1.23131 -0.0214548 0.494985 0.12067 -0.152935 -0.126328 0.755095 0.786523
23866 191.601 185 4 2 4 2 3 2 1.22992 -0.0183633 0.494267 0.120695 -0.153965 -0.12512 0.755911 0.786115
23867 191.61 185 4 2 4 2 3 2 1.22659 -0.0197564 0.49294 0.120358 -0.154985 -0.123904 0.756319 0.786523
23868 191.618 185 4 2 4 2 3 2 1.22493 -0.0171533 0.491953 0.120512 -0.155998 -0.122678 0.755911 0.785707
23869 191.626 185 4 2 4 2 3 2 1.22007 -0.0196932 0.489626 0.120411 -0.157 -0.121443 0.756727 0.786115
23870 191.634 185 4 2 4 2 3 2 1.22459 -0.0133416 0.491973 0.120324 -0.157992 -0.120201 0.756727 0.785707
23871 191.643 185 4 2 4 2 3 2 1.22291 -0.0177095 0.491219 0.120233 -0.158976 -0.118948 0.756319 0.786523
23872 191.651 185 4 2 4 2 3 2 1.22527 -0.0109301 0.492328 0.120306 -0.15995 -0.117687 0.756319 0.786115
23873 191.659 185 4 2 4 2 3 2 1.22292 -0.0139527 0.491174 0.120287 -0.160913 -0.116419 0.755503 0.786523
23874 191.667 185 4 2 4 2 3 2 1.22418 -0.01031 0.491666 0.120427 -0.161868 -0.11514 0.754687 0.785707
23875 191.675 185 4 2 4 2 3 2 1.22315 -0.0110181 0.491245 0.120328 -0.162812 -0.113854 0.755095 0.78489
23876 191.684 185 4 2 4 2 3 2 1.21977 -0.0117928 0.489482 0.120402 -0.163745 -0.11256 0.755911 0.784074
23877 191.692 185 4 2 4 2 3 2 1.22356 -0.00836848 0.491231 0.120548 -0.164668 -0.111259 0.755911 0.783258
23878 191.7 185 4 2 4 2 3 2 1.22156 -0.0101503 0.490403 0.120375 -0.165582 -0.109948 0.755911 0.784482
23879 191.708 185 4 2 4 2 3 2 1.22519 -0.0049927 0.492132 0.120461 -0.166485 -0.10863 0.755095 0.786115
23880 191.717 185 4 2 4 2 3 2 1.22584 -0.00578358 0.492621 0.120299 -0.167378 -0.107304 0.755503 0.786523
23881 191.725 185 4 2 4 2 3 2 1.22084 -0.00654623 0.490297 0.120123 -0.168261 -0.105969 0.755911 0.786115
23882 191.733 185 4 2 4 2 3 2 1.22009 -0.00557147 0.490097 0.11995 -0.169133 -0.104627 0.756319 0.786523
23883 191.742 185 4 2 4 2 3 2 1.21883 -0.00502505 0.489247 0.12017 -0.169994 -0.103278 0.755911 0.785707
23884 191.75 185 4 2 4 2 3 2 1.21452 -0.0066399 0.487015 0.120243 -0.170844 -0.101922 0.756319 0.786115
23885 191.758 185 4 2 4 2 3 2 1.21999 0.00176017 0.490064 0.119928 -0.171684 -0.100556 0.756727 0.786115
23886 191.766 185 4 2 4 2 3 2 1.21938 -0.00294827 0.489737 0.119952 -0.172513 -0.0991833 0.756319 0.785707
23887 191.775 185 4 2 4 2 3 2 1.21858 -0.00034913 0.48933 0.119957 -0.173331 -0.0978043 0.756319 0.786523
23888 191.783 185 4 2 4 2 3 2 1.21819 0.000117222 0.489053 0.120045 -0.174137 -0.0964188 0.756319 0.785707
23889 191.791 185 4 2 4 2 3 2 1.21844 0.00217793 0.489133 0.120088 -0.174931 -0.095027 0.755911 0.786115
23890 191.8 185 4 2 4 2 3 2 1.22045 0.00458482 0.489954 0.120271 -0.175714 -0.0936288 0.755095 0.786523
23891 191.808 185 4 2 4 2 3 2 1.21947 0.00594024 0.48968 0.120053 -0.176487 -0.0922213 0.755095 0.78489
23892 191.816 185 4 2 4 2 3 2 1.21428 -0.00127183 0.486835 0.120304 -0.177249 -0.0908077 0.755911 0.784482
23893 191.825 185 4 2 4 2 3 2 1.21956 0.00925004 0.489475 0.120304 -0.177998 -0.089388 0.755911 0.784482
23894 191.833 185 4 2 4 2 3 2 1.21946 0.00674009 0.489365 0.120367 -0.178736 -0.0879624 0.755095 0.782849
23895 191.841 185 4 2 4 2 3 2 1.21748 0.00609789 0.488416 0.120325 -0.179462 -0.086531 0.755503 0.784074
23896 191.85 185 4 2 4 2 3 2 1.21963 0.00715238 0.489404 0.12041 -0.180176 -0.0850937 0.755503 0.78489
23897 191.858 185 4 2 4 2 3 2 1.22292 0.0118967 0.491219 0.120242 -0.180877 -0.0836509 0.755095 0.785707
23898 191.866 185 4 2 4 2 3 2 1.22038 0.00543762 0.490054 0.120138 -0.181567 -0.0822024 0.755503 0.786523
23899 191.875 185 4 2 4 2 3 2 1.21774 0.0139031 0.488855 0.120015 -0.182247 -0.0807452 0.755911 0.786115
23900 191.883 185 4 2 4 2 3 2 1.2178 0.0107478 0.488973 0.119928 -0.182914 -0.0792826 0.756319 0.786115
23901 191.891 185 4 2 4 2 3 2 1.21758 0.0136539 0.488753 0.120038 -0.183569 -0.0778147 0.756319 0.786523
23902 191.9 185 4 2 4 2 3 2 1.21677 0.0117749 0.488318 0.120066 -0.184211 -0.0763415 0.755911 0.785707
23903 191.908 185 4 2 4 2 3 2 1.21358 0.0131249 0.486548 0.120243 -0.184842 -0.0748633 0.756727 0.785707
23904 191.916 185 4 2 4 2 3 2 1.21812 0.017176 0.489056 0.120006 -0.18546 -0.0733801 0.756727 0.786115
23905 191.925 185 4 2 4 2 3 2 1.21679 0.0165676 0.488473 0.119922 -0.186066 -0.071892 0.756727 0.786115
23906 191.933 185 4 2 4 2 3 2 1.21758 0.0164477 0.488836 0.119956 -0.186659 -0.0703991 0.756727 0.785707
23907 191.941 185 3 2 4 2 3 2 1.21656 0.0182001 0.488253 0.120026 -0.187239 -0.0689014 0.755911 0.785707
23908 191.95 185 4 2 4 2 3 2 1.21716 0.0199093 0.488516 0.120065 -0.187808 -0.0673992 0.756319 0.786523
23909 191.958 185 4 2 4 2 3 2 1.21819 0.0199808 0.488842 0.120253 -0.188365 -0.0658889 0.756319 0.785707
23910 191.966 185 4 2 4 2 3 2 1.21895 0.0216019 0.489154 0.12032 -0.188909 -0.0643742 0.755911 0.786115
23911 191.975 185 4 2 4 2 3 2 1.21922 0.0233545 0.489115 0.120496 -0.189441 -0.0628552 0.755503 0.786523
23912 191.983 185 4 2 4 2 3 2 1.22074 0.0246581 0.489931 0.120441 -0.18996 -0.061332 0.755095 0.786523
23913 191.991 185 4 2 3 2 3 2 1.21956 0.0264451 0.489461 0.120319 -0.190466 -0.0598046 0.754687 0.785707
23914 192 185 4 2 4 2 3 2 1.21709 0.0234412 0.488186 0.12036 -0.190959 -0.0582733 0.755503 0.784482
23915 192.008 185 4 2 4 2 3 2 1.21772 0.0261516 0.488276 0.120585 -0.19144 -0.056738 0.755095 0.78489
23916 192.016 185 4 2 4 2 3 2 1.22168 0.030308 0.490231 0.120607 -0.191908 -0.0551989 0.755503 0.784074
23917 192.025 185 4 2 4 2 3 2 1.22001 0.0291513 0.489415 0.120592 -0.192363 -0.0536561 0.755911 0.783666
23918 192.033 185 4 2 4 2 3 2 1.21771 0.0290329 0.488139 0.120717 -0.192805 -0.0521098 0.754278 0.782441
23919 192.042 185 4 2 4 2 3 2 1.22084 0.0306686 0.489689 0.120731 -0.193234 -0.0505599 0.755911 0.783258
23920 192.05 185 4 2 3 2 3 2 1.22536 0.0326281 0.492109 0.120573 -0.19365 -0.0490066 0.755503 0.784482
23921 192.058 185 4 2 4 2 3 2 1.22098 0.0293742 0.489883 0.120605 -0.194053 -0.04745 0.755911 0.784482
23922 192.067 185 4 2 3 2 3 2 1.22284 0.032591 0.490813 0.120609 -0.194444 -0.0458865 0.755503 0.78489
23923 192.075 185 4 2 3 2 3 2 1.22331 0.0347126 0.491146 0.120508 -0.194822 -0.0443199 0.755503 0.784482
23924 192.083 185 3 2 4 2 3 2 1.22322 0.0337203 0.491146 0.120464 -0.195186 -0.0427503 0.754687 0.785707
23925 192.092 185 4 2 4 2 3 2 1.22189 0.0332099 0.490426 0.120517 -0.195538 -0.0411778 0.754687 0.786115
23926 192.1 185 4 2 3 2 3 2 1.22367 0.0380319 0.491301 0.120535 -0.195876 -0.0396025 0.755503 0.786523
23927 192.109 185 4 2 3 2 3 2 1.2222 0.0379651 0.490599 0.120501 -0.196202 -0.0380245 0.755503 0.786523
23928 192.117 185 4 2 3 2 3 2 1.22298 0.0385853 0.490992 0.120499 -0.196514 -0.036444 0.755911 0.786115
23929 192.125 185 3 2 4 2 3 2 1.22206 0.0397586 0.490491 0.120541 -0.196812 -0.034861 0.755911 0.786115
23930 192.134 185 4 2 4 2 3 2 1.22332 0.0407623 0.491104 0.120555 -0.197098 -0.0332757 0.756319 0.785707
23931 192.142 185 4 2 3 2 3 2 1.22253 0.0410479 0.490621 0.120642 -0.19737 -0.0316882 0.756319 0.786115
23932 192.15 185 4 2 4 2 3 2 1.22441 0.0411139 0.491392 0.120814 -0.197629 -0.0300984 0.756319 0.786523
23933 192.159 185 4 2 4 2 3 2 1.2254 0.0436216 0.491868 0.120832 -0.197874 -0.0285067 0.756319 0.786523
23934 192.167 185 3 2 3 2 3 2 1.2257 0.0440378 0.492048 0.120802 -0.198106 -0.0269131 0.756319 0.786523
23935 192.176 185 3 2 4 2 3 2 1.22343 0.0455478 0.49087 0.120844 -0.198326 -0.0253136 0.755911 0.785707
23936 192.184 185 4 2 3 2 3 2 1.22507 0.0451404 0.491491 0.121043 -0.198531 -0.0237124 0.755911 0.785707
23937 192.192 185 4 2 3 2 3 2 1.22601 0.0481817 0.491813 0.121191 -0.198724 -0.0221096 0.755911 0.785707
23938 192.201 185 4 2 3 2 3 2 1.22743 0.0466107 0.492483 0.121234 -0.198903 -0.0205053 0.756319 0.785707
23939 192.209 185 4 2 3 2 3 2 1.22825 0.048667 0.492896 0.121227 -0.199068 -0.0188996 0.756727 0.785707
23940 192.218 185 4 2 3 2 3 2 1.22852 0.0499496 0.493062 0.121197 -0.19922 -0.0172926 0.756319 0.786115
23941 192.226 185 4 2 3 2 3 2 1.22966 0.0513358 0.493622 0.12121 -0.199359 -0.0156845 0.756319 0.786115
23942 192.234 185 3 2 3 2 3 2 1.22907 0.0516821 0.493302 0.121234 -0.199484 -0.0140753 0.756319 0.786115
23943 192.243 185 4 2 3 2 3 2 1.23006 0.0510437 0.493752 0.121276 -0.199595 -0.0124651 0.756319 0.786115
23944 192.251 185 2 2 3 2 3 2 1.23071 0.0526866 0.494059 0.121298 -0.199693 -0.0108541 0.756727 0.786115
23945 192.26 185 4 2 3 2 3 2 1.23065 0.054146 0.493984 0.121343 -0.199778 -0.00924235 0.757135 0.786115
23946 192.268 185 4 2 3 2 3 2 1.23341 0.0527414 0.495336 0.121367 -0.199848 -0.00762998 0.756727 0.786115
23947 192.276 185 3 2 3 2 3 2 1.23291 0.0552239 0.495022 0.121431 -0.199906 -0.00601709 0.756727 0.786115
23948 192.285 185 4 2 3 2 3 2 1.23301 0.0559842 0.495081 0.121423 -0.19995 -0.00439959 0.756727 0.786115
23949 192.293 185 4 2 2 2 3 2 1.23394 0.0568916 0.495514 0.121455 -0.19998 -0.0027818 0.756727 0.786115
23950 192.302 185 4 2 2 2 3 2 1.23398 0.055667 0.495502 0.121486 -0.199996 -0.00116381 0.757544 0.786115
23951 192.31 185 2 2 3 2 3 2 1.23525 0.056796 0.496149 0.121475 -0.199999 0.000454249 0.757544 0.786115
23952 192.318 185 3 2 3 2 3 2 1.23736 0.0593492 0.497197 0.12148 -0.199989 0.00207228 0.756727 0.786115
23953 192.327 185 3 2 3 2 3 2 1.23696 0.0600733 0.49694 0.121538 -0.199965 0.00369017 0.756727 0.786115
23954 192.335 185 3 2 2 2 3 2 1.23644 0.0601337 0.496603 0.121617 -0.199927 0.00530782 0.756727 0.786115
23955 192.344 185 3 2 2 2 3 2 1.23771 0.0623442 0.497247 0.12161 -0.199875 0.00692509 0.756727 0.786115
23956 192.352 185 3 2 2 2 3 2 1.23911 0.0623776 0.497927 0.121628 -0.19981 0.0085419 0.756727 0.786115
23957 192.361 185 3 2 2 2 3 2 1.24025 0.0640971 0.498457 0.121667 -0.199731 0.0101581 0.756727 0.786115
23958 192.369 185 4 2 4 2 3 2 1.23994 0.0644995 0.498232 0.121738 -0.199639 0.0117737 0.756727 0.786115
23959 192.377 185 3 2 2 2 3 2 1.24018 0.0652723 0.498302 0.121788 -0.199533 0.0133884 0.756319 0.786115
23960 192.386 185 4 2 3 2 3 2 1.2425 0.0662985 0.499404 0.121845 -0.199413 0.0150066 0.756319 0.786115
23961 192.394 185 4 2 3 2 3 2 1.24166 0.0670035 0.49894 0.121889 -0.19928 0.0166237 0.756319 0.786115
23962 192.403 185 3 2 3 2 3 2 1.24397 0.0681815 0.500038 0.121946 -0.199132 0.0182397 0.756727 0.785707
23963 192.411 185 3 2 3 2 3 2 1.24252 0.0686221 0.499205 0.122055 -0.198972 0.0198545 0.756727 0.785707
23964 192.42 185 4 2 3 2 3 2 1.24622 0.0701752 0.501016 0.122094 -0.198797 0.0214678 0.755911 0.785707
23965 192.428 185 4 2 4 2 3 2 1.24562 0.0708003 0.500656 0.122156 -0.198609 0.0230798 0.755911 0.785707
23966 192.437 185 3 2 3 2 3 2 1.24706 0.0715893 0.50131 0.122219 -0.198407 0.0246901 0.755911 0.785298
23967 192.445 185 4 2 3 2 3 2 1.24746 0.0716188 0.501457 0.122271 -0.198193 0.0262943 0.756319 0.786115
23968 192.453 185 4 2 3 2 3 2 1.24843 0.0744167 0.501932 0.122283 -0.197965 0.0278968 0.756319 0.786523
23969 192.462 185 3 2 3 2 3 2 1.24908 0.0742956 0.502258 0.122283 -0.197723 0.0294974 0.756319 0.786523
23970 192.47 185 4 2 3 2 3 2 1.25223 0.0736049 0.503895 0.122218 -0.197468 0.0310959 0.756727 0.786523
23971 192.479 185 4 2 3 2 3 2 1.25167 0.0758914 0.5037 0.122134 -0.197199 0.0326923 0.756319 0.786115
23972 192.487 185 3 2 4 2 3 2 1.24948 0.0761995 0.502477 0.122263 -0.196918 0.0342821 0.756319 0.785707
23973 192.495 185 4 2 4 2 3 2 1.2514 0.0787397 0.503307 0.122395 -0.196624 0.0358696 0.755911 0.786115
23974 192.504 185 4 2 3 2 3 2 1.25393 0.0790117 0.50458 0.122387 -0.196316 0.0374546 0.755503 0.786115
23975 192.512 185 4 2 3 2 3 2 1.25514 0.0785871 0.505235 0.122333 -0.195994 0.0390371 0.755503 0.786523
23976 192.521 185 4 2 3 2 3 2 1.25586 0.0815918 0.505672 0.12226 -0.19566 0.040617 0.755095 0.786115
23977 192.529 185 4 2 4 2 3 2 1.25493 0.0804858 0.505207 0.122258 -0.195312 0.0421941 0.754687 0.785707
23978 192.537 185 4 2 4 2 3 2 1.25485 0.0834399 0.505126 0.122301 -0.194951 0.0437683 0.755095 0.785298
23979 192.546 185 4 2 4 2 3 2 1.25555 0.0820096 0.505329 0.122444 -0.194578 0.0453351 0.755911 0.784482
23980 192.554 185 4 2 4 2 3 2 1.25892 0.084885 0.506985 0.122474 -0.194192 0.0468989 0.755911 0.784482
23981 192.563 185 4 2 3 2 3 2 1.25858 0.0824664 0.506814 0.122475 -0.193793 0.0484596 0.755503 0.784074
23982 192.571 185 4 2 3 2 3 2 1.2599 0.0869421 0.507501 0.12245 -0.193381 0.050017 0.755911 0.784074
23983 192.579 185 4 2 4 2 3 2 1.26016 0.0851882 0.507506 0.122572 -0.192955 0.051571 0.755095 0.782441
23984 192.588 185 4 2 4 2 3 2 1.26036 0.0898927 0.507568 0.12261 -0.192517 0.0531215 0.755503 0.783258
23985 192.596 185 4 2 4 2 3 2 1.26412 0.0861819 0.509556 0.122505 -0.192067 0.054664 0.755503 0.784482
23986 192.604 185 4 2 4 2 3 2 1.26494 0.0895593 0.509934 0.122537 -0.191604 0.0562029 0.755911 0.784482
23987 192.613 185 4 2 4 2 3 2 1.26632 0.0902377 0.510677 0.122485 -0.191129 0.057738 0.755911 0.784482
23988 192.621 185 4 2 4 2 3 2 1.2684 0.0908158 0.511856 0.122346 -0.19064 0.0592693 0.755095 0.785707
23989 192.629 185 4 2 4 2 3 2 1.2658 0.0908849 0.510569 0.12233 -0.190139 0.0607966 0.754687 0.786115
23990 192.638 185 4 2 3 2 3 2 1.26776 0.0893054 0.511597 0.122281 -0.189625 0.0623198 0.755095 0.786523
23991 192.646 185 4 2 4 2 3 2 1.26556 0.0906088 0.510564 0.122218 -0.1891 0.0638344 0.755911 0.786115
23992 192.654 185 4 2 4 2 3 2 1.26673 0.0921888 0.511145 0.12222 -0.188562 0.0653448 0.756319 0.786523
23993 192.663 185 4 2 4 2 3 2 1.26853 0.0917184 0.511956 0.122309 -0.188012 0.0668508 0.756319 0.786523
23994 192.671 185 4 2 4 2 3 2 1.26817 0.0935018 0.51162 0.122466 -0.187449 0.0683524 0.756319 0.786115
23995 192.679 185 4 2 4 2 3 2 1.26803 0.0931773 0.511551 0.122464 -0.186874 0.0698494 0.755911 0.785707
23996 192.688 185 4 2 4 2 3 2 1.26952 0.0918066 0.512206 0.122552 -0.186288 0.0713374 0.756319 0.786115
23997 192.696 185 4 2 4 2 3 2 1.27134 0.0922903 0.513428 0.122243 -0.185689 0.0728207 0.756727 0.786115
23998 192.704 185 4 2 4 2 3 2 1.27151 0.0953453 0.513533 0.122225 -0.185079 0.0742992 0.756319 0.786115
23999 192.713 185 4 2 4 2 3 2 1.27385 0.0939352 0.514633 0.122293 -0.184456 0.0757727 0.755911 0.785707
24000 192.721 185 4 2 4 2 3 2 1.27354 0.0955448 0.514369 0.122402 -0.183821 0.0772413 0.756319 0.786523
24001 192.729 185 4 2 4 2 3 2 1.27595 0.096094 0.515407 0.122569 -0.183175 0.0787004 0.756727 0.786523
24002 192.737 185 4 2 4 2 3 2 1.27675 0.0988838 0.515886 0.122489 -0.182518 0.0801543 0.755911 0.786115
24003 192.746 185 4 2 4 2 3 2 1.27568 0.0984679 0.514996 0.122842 -0.181849 0.0816029 0.755503 0.786523
24004 192.754 185 4 2 4 2 3 2 1.28097 0.0978314 0.517714 0.12277 -0.181167 0.0830461 0.754687 0.785707
24005 192.762 185 4 2 4 2 3 2 1.27748 0.098886 0.51605 0.12269 -0.180474 0.0844839 0.755503 0.784482
24006 192.771 185 4 2 4 2 3 2 1.27695 0.104241 0.515501 0.122975 -0.179771 0.0859119 0.755911 0.784482
24007 192.779 185 4 2 4 2 3 2 1.2815 0.0983442 0.517785 0.122962 -0.179056 0.0873342 0.755911 0.783666
24008 192.787 185 5 2 4 2 3 2 1.28016 0.102594 0.516934 0.123148 -0.17833 0.0887508 0.755095 0.783258
24009 192.795 185 4 2 4 2 3 2 1.285 0.102086 0.51942 0.123081 -0.177592 0.0901616 0.755503 0.784074
24010 192.804 185 4 2 4 2 3 2 1.28644 0.103753 0.520063 0.123159 -0.176842 0.0915665 0.755911 0.784482
24011 192.812 185 4 2 4 2 3 2 1.28776 0.103145 0.52092 0.122962 -0.176083 0.0929612 0.754687 0.785707
24012 192.82 185 4 2 4 2 3 2 1.28765 0.103874 0.520954 0.122871 -0.175312 0.0943498 0.755095 0.786523
24013 192.828 185 4 2 4 2 3 2 1.28524 0.101294 0.519796 0.122827 -0.17453 0.0957323 0.756319 0.786115
24014 192.836 185 4 2 4 2 3 2 1.28698 0.104336 0.520816 0.122674 -0.173737 0.0971086 0.756319 0.786523
24015 192.845 185 4 2 4 2 3 2 1.28526 0.105641 0.519669 0.122959 -0.172933 0.0984785 0.755911 0.785707
24016 192.853 185 4 2 4 2 3 2 1.28484 0.104232 0.519353 0.123067 -0.17212 0.0998379 0.756319 0.786115
24017 192.861 185 4 2 4 2 3 2 1.28733 0.103635 0.52102 0.122644 -0.171295 0.101191 0.756727 0.786115
24018 192.869 185 4 2 4 2 3 2 1.29019 0.105238 0.522379 0.122718 -0.17046 0.102537 0.756727 0.785707
24019 192.877 185 4 2 4 2 3 2 1.28982 0.106111 0.522149 0.122762 -0.169613 0.103877 0.756319 0.786115
24020 192.886 185 4 2 4 2 3 2 1.2904 0.107328 0.522291 0.122907 -0.168756 0.10521 0.756319 0.785707
24021 192.894 185 4 2 4 2 3 2 1.28988 0.107489 0.521863 0.123075 -0.167888 0.106536 0.755911 0.786115
24022 192.902 185 4 2 4 2 3 2 1.29515 0.106766 0.524333 0.123242 -0.167011 0.107851 0.754687 0.786115
24023 192.91 185 4 2 4 2 3 2 1.29332 0.106804 0.523589 0.123071 -0.166124 0.10916 0.755503 0.784482
24024 192.918 185 3 2 4 2 3 2 1.29142 0.114344 0.52231 0.1234 -0.165227 0.110461 0.755503 0.784074
24025 192.927 185 4 2 4 2 3 2 1.2956 0.107089 0.524291 0.123509 -0.164318 0.111755 0.754278 0.782441
24026 192.935 185 4 2 4 2 3 2 1.29458 0.112906 0.523556 0.123737 -0.163399 0.113042 0.755503 0.784074
24027 192.943 185 4 2 4 2 3 2 1.30037 0.107367 0.526386 0.123799 -0.162473 0.114318 0.755503 0.784482
24028 192.951 185 4 2 4 2 3 2 1.30338 0.111619 0.528122 0.123568 -0.161536 0.115587 0.754687 0.786115
24029 192.959 185 4 2 4 2 3 2 1.30034 0.109768 0.526589 0.123582 -0.160589 0.116848 0.755911 0.786115
24030 192.967 185 4 2 4 2 3 2 1.29962 0.110587 0.526453 0.123355 -0.159632 0.118101 0.756319 0.786523
24031 192.975 185 4 2 4 2 3 2 1.29903 0.11173 0.526003 0.123511 -0.158664 0.119347 0.755911 0.785707
24032 192.984 185 4 2 4 2 3 2 1.29753 0.111883 0.525242 0.123521 -0.157686 0.120586 0.756319 0.786115
24033 192.992 185 4 2 4 2 3 2 1.30026 0.10857 0.526967 0.123161 -0.156702 0.121813 0.756319 0.786115
24034 193 185 4 2 4 2 3 2 1.30001 0.111761 0.526815 0.123192 -0.155707 0.123032 0.755911 0.785707
24035 193.008 185 4 2 4 2 3 2 1.30244 0.111735 0.527942 0.123279 -0.154703 0.124243 0.756319 0.786523
24036 193.016 185 4 2 4 2 3 2 1.3013 0.113404 0.527104 0.123549 -0.153689 0.125446 0.755911 0.786115
24037 193.024 185 4 2 4 2 3 2 1.30326 0.112062 0.527909 0.123723 -0.152665 0.126642 0.754687 0.786115
24038 193.032 185 4 2 4 2 3 2 1.30582 0.112688 0.5294 0.12351 -0.151631 0.127829 0.755503 0.784482
24039 193.04 185 4 2 4 2 3 2 1.30203 0.117678 0.527231 0.123786 -0.150591 0.129005 0.755503 0.784482
24040 193.049 185 4 2 4 2 3 2 1.3064 0.111479 0.529216 0.123986 -0.149542 0.130172 0.755911 0.783666
24041 193.057 185 4 2 4 2 3 2 1.30663 0.117371 0.529446 0.12387 -0.148484 0.131331 0.755503 0.78489
24042 193.065 185 4 2 4 2 3 2 1.31156 0.113009 0.531799 0.123981 -0.147416 0.132482 0.754687 0.785707
24043 193.073 185 4 2 4 2 3 2 1.31071 0.115549 0.531399 0.123956 -0.146338 0.133625 0.755911 0.786115
24044 193.081 185 4 2 4 2 3 2 1.30962 0.113986 0.531016 0.123792 -0.145252 0.134759 0.756319 0.786523
24045 193.089 185 4 2 4 2 3 2 1.30898 0.115524 0.530555 0.123937 -0.14416 0.135881 0.755911 0.785707
24046 193.097 185 4 2 4 2 3 2 1.30559 0.113831 0.528923 0.123873 -0.143059 0.136994 0.757135 0.786115
24047 193.105 185 4 2 4 2 3 2 1.30855 0.112666 0.530672 0.123602 -0.141949 0.138099 0.756727 0.785707
24048 193.113 185 4 2 4 2 3 2 1.31031 0.115586 0.531587 0.12357 -0.14083 0.139195 0.756319 0.786523
24049 193.121 185 4 2 4 2 3 2 1.3115 0.116545 0.531969 0.12378 -0.139702 0.140283 0.756319 0.786115
24050 193.129 185 4 2 4 2 3 2 1.30954 0.11474 0.530836 0.123931 -0.138566 0.141362 0.755095 0.786523
24051 193.137 185 4 2 4 2 3 2 1.31554 0.112419 0.53414 0.123627 -0.13742 0.142432 0.755911 0.784482
24052 193.145 185 4 2 4 2 3 2 1.3082 0.120747 0.530207 0.123892 -0.136271 0.143489 0.755911 0.784074
24053 193.154 185 4 2 4 2 3 2 1.31433 0.114248 0.533049 0.124118 -0.135112 0.144537 0.755503 0.784482
24054 193.162 185 4 2 4 2 3 2 1.31651 0.11887 0.534152 0.124101 -0.133946 0.145577 0.755503 0.784482
24055 193.17 185 4 2 4 2 3 2 1.31624 0.117424 0.533928 0.124192 -0.132771 0.146607 0.755095 0.786523
24056 193.178 185 4 2 4 2 3 2 1.31908 0.114938 0.535232 0.124308 -0.131588 0.147629 0.756319 0.785707
24057 193.186 185 4 2 4 2 3 2 1.31552 0.116496 0.533703 0.124056 -0.130396 0.148641 0.756319 0.786523
24058 193.194 185 4 2 4 2 3 2 1.31313 0.117414 0.532311 0.124256 -0.129197 0.149644 0.756319 0.786115
24059 193.202 185 4 2 4 2 3 2 1.3137 0.11474 0.532853 0.123998 -0.127989 0.150637 0.756319 0.786115
24060 193.21 185 4 2 4 2 3 2 1.31555 0.115934 0.53384 0.123937 -0.126778 0.151618 0.756319 0.786115
24061 193.218 185 4 2 4 2 3 2 1.31636 0.115693 0.534114 0.124064 -0.125559 0.15259 0.756319 0.785707
24062 193.226 185 4 2 4 2 3 2 1.31715 0.118449 0.534248 0.124328 -0.124332 0.153552 0.755095 0.786523
24063 193.234 185 4 2 4 2 3 2 1.32163 0.114342 0.536715 0.124101 -0.123098 0.154505 0.755503 0.784482
24064 193.242 185 4 2 4 2 3 2 1.31419 0.12368 0.532816 0.124281 -0.121856 0.155448 0.755911 0.783666
24065 193.25 185 4 2 4 2 3 2 1.3179 0.115702 0.53446 0.124488 -0.120606 0.156381 0.755503 0.784074
24066 193.258 185 4 2 4 2 3 2 1.32196 0.117251 0.536382 0.124601 -0.119349 0.157305 0.755095 0.78489
24067 193.266 185 4 2 4 2 3 2 1.32622 0.117158 0.538677 0.124434 -0.118084 0.158219 0.755503 0.786523
24068 193.274 185 3 2 4 2 3 2 1.32068 0.114212 0.535912 0.124427 -0.116817 0.15912 0.756727 0.786523
24069 193.282 185 4 2 4 2 3 2 1.31872 0.121825 0.534848 0.124514 -0.115543 0.160012 0.755911 0.785707
24070 193.29 185 4 2 4 2 3 2 1.31717 0.114834 0.534285 0.124301 -0.114262 0.160893 0.756727 0.786115
24071 193.298 185 4 2 4 2 3 2 1.31989 0.117402 0.535705 0.124238 -0.112973 0.161765 0.755911 0.785707
24072 193.306 185 4 2 4 2 3 2 1.32049 0.115323 0.536083 0.124163 -0.111678 0.162627 0.756319 0.786115
24073 193.314 185 4 2 4 2 3 2 1.31988 0.117566 0.535542 0.124397 -0.110376 0.163479 0.755095 0.786523
24074 193.322 185 4 2 4 2 3 2 1.32261 0.114106 0.536868 0.124437 -0.109067 0.164321 0.755503 0.784482
24075 193.33 185 4 2 4 2 3 2 1.31837 0.123366 0.53457 0.124613 -0.107751 0.165152 0.755503 0.784482
24076 193.338 185 4 2 4 2 3 2 1.3255 0.11445 0.537971 0.124777 -0.106429 0.165974 0.755503 0.784074
24077 193.346 185 4 2 4 2 3 2 1.32293 0.117442 0.536715 0.124749 -0.105105 0.166783 0.755095 0.78489
24078 193.354 185 4 2 4 2 3 2 1.32667 0.118131 0.538557 0.124779 -0.103775 0.167581 0.755503 0.786523
24079 193.362 185 4 2 4 2 3 2 1.32623 0.11389 0.538355 0.124758 -0.102438 0.168369 0.756319 0.786523
24080 193.37 185 4 2 4 2 3 2 1.32384 0.119694 0.537051 0.12487 -0.101096 0.169147 0.756319 0.785707
24081 193.378 185 4 2 4 2 3 2 1.31832 0.115107 0.53471 0.12445 -0.0997466 0.169915 0.756727 0.786115
24082 193.386 185 4 2 4 2 3 2 1.32307 0.11568 0.537043 0.124492 -0.0983916 0.170672 0.755911 0.785298
24083 193.393 185 4 2 4 2 3 2 1.32217 0.113749 0.53661 0.124475 -0.0970306 0.171419 0.756319 0.785707
24084 193.401 185 4 2 4 2 3 2 1.32333 0.118047 0.536741 0.124924 -0.0956637 0.172156 0.755095 0.786115
24085 193.409 185 4 2 4 2 3 2 1.32763 0.112971 0.539192 0.124622 -0.094291 0.172882 0.755095 0.78489
24086 193.417 185 4 2 4 2 3 2 1.32011 0.120293 0.53517 0.124887 -0.0929125 0.173597 0.754687 0.782441
24087 193.425 185 4 2 5 2 3 2 1.32155 0.122131 0.535664 0.125112 -0.0915284 0.174302 0.755911 0.784482
24088 193.433 185 4 2 4 2 3 2 1.33159 0.110766 0.540628 0.125169 -0.090144 0.174994 0.754687 0.786115
24089 193.441 185 4 2 4 2 3 2 1.33057 0.115326 0.540081 0.125203 -0.0887542 0.175675 0.756319 0.785707
24090 193.449 185 4 2 4 2 3 2 1.32488 0.115039 0.537589 0.124851 -0.087359 0.176346 0.755911 0.785298
24091 193.457 185 4 2 4 2 3 2 1.32243 0.116579 0.535927 0.125287 -0.0859586 0.177006 0.756727 0.786115
24092 193.465 185 4 2 4 2 3 2 1.32392 0.109686 0.537039 0.124919 -0.084553 0.177655 0.755911 0.785707
24093 193.473 185 4 2 4 2 3 2 1.32429 0.113472 0.537465 0.124679 -0.0831422 0.178294 0.756319 0.786115
24094 193.481 185 4 2 4 2 3 2 1.3257 0.115247 0.538044 0.124806 -0.0817265 0.178921 0.755503 0.786523
24095 193.489 185 4 2 4 2 3 2 1.32623 0.112132 0.538395 0.124721 -0.0803058 0.179538 0.755911 0.784482
24096 193.497 185 4 2 4 2 3 2 1.32063 0.119658 0.535398 0.124919 -0.0788802 0.180144 0.755503 0.783258
24097 193.505 185 4 2 4 2 3 2 1.32508 0.115538 0.537524 0.125018 -0.0774499 0.18074 0.755911 0.784482
24098 193.512 185 4 2 4 2 3 2 1.32988 0.10962 0.539825 0.125116 -0.076015 0.181324 0.754687 0.786115
24099 193.52 185 4 2 4 2 3 2 1.33067 0.116244 0.540286 0.125048 -0.0745754 0.181897 0.756319 0.786115
24100 193.528 185 4 2 4 2 3 2 1.32426 0.109103 0.537306 0.124826 -0.0731313 0.18246 0.755911 0.785707
24101 193.536 185 4 2 4 2 3 2 1.32138 0.11808 0.535398 0.12529 -0.0716828 0.183011 0.756727 0.786115
24102 193.544 185 4 2 4 2 3 2 1.323 0.109179 0.536492 0.125006 -0.07023 0.183552 0.755911 0.785707
24103 193.552 185 4 2 4 2 3 2 1.3248 0.110946 0.537653 0.124749 -0.068773 0.184081 0.756319 0.785707
24104 193.56 185 4 2 4 2 3 2 1.32387 0.114677 0.536942 0.124993 -0.0673118 0.184599 0.755503 0.786523
24105 193.568 185 4 2 4 2 3 2 1.32533 0.107837 0.53788 0.124787 -0.0658525 0.185104 0.755503 0.78489
24106 193.576 185 4 2 4 2 3 2 1.32081 0.11934 0.535415 0.124988 -0.0643892 0.185598 0.755095 0.782441
24107 193.584 185 4 2 5 2 3 2 1.32223 0.116328 0.535904 0.12521 -0.0629221 0.186081 0.755503 0.784482
24108 193.592 185 4 2 4 2 3 2 1.33018 0.106923 0.539795 0.125297 -0.0614512 0.186553 0.755095 0.786115
24109 193.6 185 4 2 4 2 3 2 1.3287 0.11224 0.538968 0.125384 -0.0599766 0.187013 0.756319 0.786523
24110 193.607 185 4 2 4 2 3 2 1.32582 0.1086 0.537819 0.12509 -0.0584985 0.187462 0.755911 0.785707
24111 193.615 185 4 2 4 2 3 2 1.31926 0.113294 0.534481 0.125151 -0.0570168 0.1879 0.756727 0.786115
24112 193.623 185 4 2 4 2 3 2 1.32188 0.10825 0.535923 0.125015 -0.0555317 0.188327 0.755911 0.785298
24113 193.631 185 4 2 4 2 3 2 1.32277 0.108389 0.536551 0.124836 -0.0540433 0.188743 0.756319 0.786115
24114 193.639 185 4 2 4 2 3 2 1.32307 0.109422 0.53629 0.125243 -0.0525517 0.189147 0.754687 0.786115
24115 193.647 185 4 2 4 2 3 2 1.32502 0.107537 0.537679 0.124833 -0.0510569 0.18954 0.755911 0.784482
24116 193.655 185 4 2 4 2 3 2 1.31973 0.114595 0.535027 0.12484 -0.0495591 0.189922 0.755911 0.783666
24117 193.663 185 4 2 4 2 3 2 1.32104 0.11303 0.535549 0.124969 -0.0480583 0.190292 0.755503 0.784482
24118 193.671 185 4 2 4 2 3 2 1.32679 0.106245 0.53833 0.125066 -0.0465546 0.190651 0.755503 0.786115
24119 193.678 185 4 2 4 2 3 2 1.3254 0.106674 0.537455 0.125247 -0.0450481 0.190998 0.756319 0.786523
24120 193.686 185 4 2 4 2 3 2 1.32168 0.105613 0.535486 0.125353 -0.0435389 0.191334 0.756319 0.786115
24121 193.694 185 4 2 4 2 3 2 1.31589 0.105363 0.532964 0.124982 -0.0420272 0.191658 0.756727 0.786115
24122 193.702 185 4 2 4 2 3 2 1.32056 0.103571 0.535607 0.124671 -0.0405129 0.191971 0.756319 0.786523
24123 193.71 185 4 2 4 2 3 2 1.32085 0.107726 0.535592 0.124835 -0.0389961 0.192273 0.755503 0.786523
24124 193.718 185 4 2 4 2 3 2 1.32053 0.10342 0.535475 0.124789 -0.0374771 0.192563 0.755503 0.784482
24125 193.726 185 4 2 4 2 3 2 1.3167 0.111748 0.533333 0.125019 -0.0359558 0.192841 0.755095 0.783258
24126 193.734 185 4 2 5 2 3 2 1.31921 0.105393 0.534509 0.125094 -0.0344323 0.193108 0.755911 0.784482
24127 193.742 185 4 2 4 2 3 2 1.32454 0.100444 0.537122 0.125148 -0.0329068 0.193364 0.755095 0.786115
24128 193.75 185 4 2 4 2 3 2 1.32272 0.106511 0.53613 0.125229 -0.0313793 0.193607 0.756319 0.786115
24129 193.757 185 4 2 4 2 3 2 1.3192 0.104826 0.534572 0.125028 -0.02985 0.19384 0.755911 0.785707
24130 193.765 185 4 2 4 2 3 2 1.31173 0.105363 0.530823 0.125044 -0.0283188 0.19406 0.756727 0.786115
24131 193.773 185 4 2 4 2 3 2 1.3179 0.100772 0.534152 0.124798 -0.026786 0.194269 0.756319 0.786115
24132 193.781 185 4 2 4 2 3 2 1.31709 0.101046 0.533841 0.124704 -0.0252515 0.194467 0.755911 0.786115
24133 193.789 185 4 2 4 2 3 2 1.31486 0.103124 0.532669 0.124761 -0.0237156 0.194652 0.755095 0.785707
24134 193.797 185 4 2 4 2 3 2 1.31768 0.10253 0.53421 0.124629 -0.0221782 0.194826 0.755503 0.784074
24135 193.805 185 4 2 4 2 3 2 1.31307 0.105414 0.531743 0.124793 -0.0206395 0.194989 0.755503 0.784482
24136 193.813 185 4 2 4 2 3 2 1.31721 0.103706 0.533547 0.125057 -0.0190995 0.195139 0.754687 0.785707
24137 193.821 185 4 2 4 2 3 2 1.32017 0.101788 0.535113 0.124973 -0.0175585 0.195278 0.755503 0.786115
24138 193.828 185 4 2 4 2 3 2 1.31608 0.097521 0.533116 0.124926 -0.0160163 0.195406 0.755911 0.786115
24139 193.836 185 4 2 4 2 3 2 1.30944 0.100336 0.529508 0.125211 -0.0144732 0.195521 0.756727 0.786115
24140 193.844 185 4 2 4 2 3 2 1.31049 0.0964731 0.53037 0.124877 -0.0129293 0.195625 0.755911 0.785707
24141 193.852 185 4 2 4 2 3 2 1.3132 0.0986353 0.532017 0.124583 -0.0113845 0.195718 0.756319 0.785707
24142 193.86 185 4 2 4 2 3 2 1.31104 0.100956 0.530589 0.124931 -0.0098391 0.195798 0.754687 0.786115
24143 193.868 185 4 2 4 2 3 2 1.31389 0.095565 0.532392 0.124551 -0.00829309 0.195867 0.755911 0.784482
24144 193.876 185 4 2 4 2 3 2 1.3078 0.103441 0.529219 0.124683 -0.00674658 0.195924 0.755911 0.783258
24145 193.884 185 4 2 5 2 3 2 1.30992 0.101596 0.530228 0.124734 -0.00519967 0.195969 0.755503 0.784482
24146 193.892 185 4 2 4 2 3 2 1.31607 0.0946242 0.533243 0.124794 -0.00365245 0.196003 0.755503 0.786115
24147 193.9 185 4 2 4 2 3 2 1.31249 0.0955451 0.531289 0.124955 -0.00210501 0.196025 0.756319 0.786523
24148 193.907 185 4 2 4 2 3 2 1.30842 0.0946748 0.529174 0.125035 -0.00055744 0.196035 0.756319 0.786115
24149 193.915 185 4 2 4 2 3 2 1.3044 0.0940757 0.527484 0.124715 0.00099016 0.196033 0.756727 0.785707
24150 193.923 185 4 2 4 2 3 2 1.30843 0.0923145 0.529861 0.124355 0.0025377 0.19602 0.756727 0.786523
24151 193.931 185 4 2 4 2 3 2 1.30666 0.0950669 0.529008 0.124323 0.00408509 0.195994 0.755503 0.786523
24152 193.939 185 4 2 4 2 3 2 1.30535 0.0914178 0.528426 0.12425 0.00563223 0.195958 0.755095 0.78489
24153 193.947 185 4 2 4 2 3 2 1.30363 0.0991153 0.527321 0.124492 0.00717904 0.195909 0.754278 0.782441
24154 193.955 185 4 2 4 2 3 2 1.30184 0.0981766 0.526181 0.124741 0.00872542 0.195849 0.755503 0.78489
24155 193.963 185 4 2 4 2 3 2 1.31134 0.0867602 0.530913 0.124757 0.0102713 0.195777 0.755503 0.786523
24156 193.971 185 4 2 4 2 3 2 1.30839 0.0912053 0.529458 0.124739 0.0118165 0.195693 0.756319 0.786523
24157 193.978 185 4 2 4 2 3 2 1.30349 0.0947593 0.526954 0.124792 0.013361 0.195597 0.756727 0.785707
24158 193.986 185 4 2 4 2 3 2 1.29841 0.0883217 0.524967 0.124239 0.0149048 0.19549 0.756319 0.786115
24159 193.994 185 4 2 4 2 3 2 1.30063 0.0891731 0.526162 0.124155 0.0164476 0.195371 0.756319 0.786523
24160 194.002 185 4 2 4 2 3 2 1.30258 0.0875718 0.527084 0.124205 0.0179895 0.195241 0.755503 0.786115
24161 194.01 185 4 2 4 2 3 2 1.30184 0.0877535 0.526828 0.124092 0.0195302 0.195098 0.755503 0.784482
24162 194.018 185 4 2 4 2 3 2 1.29514 0.0926741 0.523286 0.124282 0.0210699 0.194944 0.755911 0.783258
24163 194.026 185 4 2 4 2 3 2 1.29903 0.0908676 0.525224 0.124292 0.0226082 0.194779 0.755911 0.784482
24164 194.034 185 4 2 4 2 3 2 1.30361 0.0807891 0.527474 0.124328 0.0241452 0.194602 0.754687 0.786115
24165 194.042 185 4 2 4 2 3 2 1.30172 0.0889248 0.526492 0.124369 0.0256807 0.194413 0.756319 0.786523
24166 194.05 185 4 2 4 2 3 2 1.29836 0.0870509 0.525086 0.124095 0.0272148 0.194212 0.755911 0.785707
24167 194.057 185 4 2 4 2 3 2 1.291 0.0873426 0.52131 0.124188 0.0287471 0.194 0.756727 0.786115
24168 194.065 185 4 2 4 2 3 2 1.29362 0.0827088 0.522804 0.124006 0.0302778 0.193776 0.755911 0.786115
24169 194.073 185 4 2 4 2 3 2 1.2953 0.08458 0.523674 0.123973 0.0318066 0.19354 0.755911 0.786115
24170 194.081 185 4 2 4 2 3 2 1.29059 0.0843573 0.521239 0.124057 0.0333336 0.193293 0.754687 0.785707
24171 194.089 185 4 2 4 2 3 2 1.29429 0.0826438 0.523404 0.123743 0.0348585 0.193035 0.755503 0.784074
24172 194.097 185 4 2 4 2 3 2 1.29265 0.0854936 0.522518 0.123805 0.0363814 0.192765 0.755503 0.784482
24173 194.105 185 4 2 4 2 3 2 1.29047 0.0844938 0.521308 0.123925 0.0379021 0.192483 0.755095 0.786115
24174 194.113 185 4 2 4 2 3 2 1.29489 0.0809245 0.523414 0.124033 0.0394205 0.19219 0.755911 0.786115
24175 194.121 185 4 2 4 2 3 2 1.29252 0.081752 0.522368 0.123891 0.0409365 0.191885 0.756319 0.786523
24176 194.128 185 4 2 4 2 3 2 1.28838 0.08072 0.520066 0.124126 0.0424501 0.191569 0.756319 0.786115
24177 194.136 185 4 2 4 2 3 2 1.28402 0.077216 0.518168 0.123841 0.0439612 0.191241 0.756319 0.785707
24178 194.144 185 4 2 4 2 3 2 1.28856 0.0793399 0.520768 0.123513 0.0454696 0.190902 0.756319 0.786115
24179 194.152 185 4 2 4 2 3 2 1.28755 0.0801628 0.520172 0.123602 0.0469753 0.190551 0.755503 0.786523
24180 194.16 185 4 2 4 2 3 2 1.28565 0.0752013 0.519408 0.123415 0.0484782 0.190189 0.755503 0.78489
24181 194.168 185 4 2 4 2 3 2 1.28141 0.0838649 0.517114 0.123592 0.0499782 0.189816 0.754278 0.782441
24182 194.176 185 4 2 5 2 3 2 1.28185 0.0801401 0.517124 0.123803 0.0514752 0.189431 0.755095 0.78489
24183 194.184 185 4 2 4 2 3 2 1.29065 0.073468 0.521376 0.123947 0.0529691 0.189035 0.755503 0.786523
24184 194.192 185 4 2 4 2 3 2 1.28753 0.0758487 0.519969 0.123795 0.0544598 0.188628 0.756319 0.785707
24185 194.2 185 4 2 4 2 3 2 1.28215 0.0763892 0.517426 0.123652 0.0559473 0.188209 0.755911 0.785707
24186 194.207 185 4 2 4 2 3 2 1.27873 0.0720255 0.515758 0.123607 0.0574314 0.187779 0.756727 0.786115
24187 194.215 185 4 2 4 2 3 2 1.27963 0.0729376 0.516477 0.12334 0.0589121 0.187338 0.756319 0.786115
24188 194.223 185 4 2 4 2 3 2 1.27916 0.0702159 0.516367 0.123215 0.0603983 0.186883 0.755503 0.786115
24189 194.231 185 4 2 4 2 3 2 1.27864 0.0746101 0.515897 0.123422 0.0618809 0.186416 0.754687 0.785707
24190 194.239 185 4 2 4 2 3 2 1.27893 0.0711265 0.516343 0.123122 0.0633597 0.185938 0.755503 0.784074
24191 194.247 185 4 2 4 2 3 2 1.27568 0.0724214 0.514694 0.123148 0.0648347 0.185449 0.755911 0.784074
24192 194.255 185 4 2 4 2 3 2 1.27552 0.0713319 0.514595 0.123164 0.0663057 0.184949 0.755095 0.78489
24193 194.263 185 4 2 4 2 3 2 1.28117 0.0709547 0.517308 0.123277 0.0677727 0.184437 0.755503 0.786115
24194 194.271 185 4 2 4 2 3 2 1.27645 0.0695689 0.514974 0.12325 0.0692356 0.183914 0.756319 0.786523
24195 194.279 185 4 2 4 2 3 2 1.2752 0.0683389 0.514252 0.123347 0.0706943 0.18338 0.756319 0.786115
24196 194.287 185 4 2 4 2 3 2 1.26862 0.0678359 0.511306 0.123004 0.0721487 0.182835 0.756319 0.786115
24197 194.295 185 4 2 4 2 3 2 1.27115 0.067454 0.512806 0.12277 0.0735988 0.182279 0.756319 0.786523
24198 194.303 185 4 2 4 2 3 2 1.27036 0.0681768 0.512363 0.122817 0.0750444 0.181712 0.755503 0.786115
24199 194.311 185 4 2 4 2 3 2 1.27246 0.0623797 0.513479 0.12275 0.0764854 0.181134 0.755095 0.78489
24200 194.319 185 4 2 4 2 3 2 1.26701 0.0690416 0.510684 0.122822 0.0779218 0.180545 0.755503 0.784482
24201 194.327 185 4 2 4 2 3 2 1.26968 0.0636518 0.511922 0.122917 0.0793535 0.179945 0.755503 0.784074
24202 194.334 185 4 2 4 2 3 2 1.26902 0.0658947 0.511687 0.122824 0.0807804 0.179334 0.755095 0.785707
24203 194.342 185 4 2 4 2 3 2 1.27204 0.0642878 0.513121 0.122898 0.0822024 0.178712 0.755911 0.786115
24204 194.35 185 4 2 4 2 3 2 1.26763 0.0634088 0.511103 0.122713 0.0836194 0.178079 0.756319 0.786523
24205 194.358 185 4 2 4 2 3 2 1.26496 0.0612049 0.509672 0.122808 0.0850313 0.177436 0.756319 0.786115
24206 194.366 185 4 2 4 2 3 2 1.26036 0.0604477 0.507658 0.122522 0.0864381 0.176781 0.756319 0.786115
24207 194.374 185 4 2 4 2 3 2 1.26386 0.0586676 0.509612 0.122319 0.0878396 0.176116 0.756319 0.786523
24208 194.382 185 4 2 4 2 3 2 1.26212 0.0603625 0.508683 0.122376 0.0892358 0.175441 0.755911 0.786115
24209 194.39 185 4 2 4 2 3 2 1.26191 0.0588706 0.508637 0.122316 0.0906266 0.174754 0.755095 0.785707
24210 194.398 185 4 2 4 2 3 2 1.26129 0.0587059 0.50843 0.122217 0.0920119 0.174057 0.755503 0.784074
24211 194.406 185 4 2 4 2 3 2 1.26033 0.0610865 0.507871 0.122296 0.0934015 0.173345 0.755911 0.784074
24212 194.414 185 4 2 4 2 3 2 1.2572 0.0555232 0.506271 0.122327 0.0947854 0.172622 0.755503 0.784482
24213 194.422 185 4 2 4 2 3 2 1.26474 0.0561598 0.510002 0.122366 0.0961635 0.171888 0.755503 0.786523
24214 194.43 185 4 2 4 2 3 2 1.26223 0.0551 0.508694 0.122419 0.0975356 0.171143 0.756319 0.786523
24215 194.438 185 4 2 4 2 3 2 1.25629 0.0579196 0.505704 0.12244 0.0989018 0.170389 0.756319 0.785707
24216 194.446 185 4 2 4 2 3 2 1.25273 0.0548712 0.504347 0.12202 0.100262 0.169623 0.756727 0.786115
24217 194.454 185 4 2 4 2 3 2 1.25592 0.0531618 0.505978 0.121981 0.101616 0.168847 0.755911 0.785298
24218 194.462 185 4 2 4 2 3 2 1.25226 0.0508134 0.504253 0.121877 0.102963 0.168061 0.756319 0.785707
24219 194.47 185 4 2 4 2 3 2 1.25421 0.0525602 0.504859 0.122248 0.104305 0.167265 0.755095 0.786115
24220 194.478 185 4 2 4 2 3 2 1.25705 0.0503602 0.506631 0.121893 0.10564 0.166458 0.755095 0.78489
24221 194.486 185 4 2 4 2 3 2 1.24805 0.0555648 0.50195 0.122073 0.106968 0.165641 0.755095 0.782849
24222 194.494 185 4 2 5 2 3 2 1.24972 0.0520872 0.502673 0.122189 0.10829 0.164813 0.755911 0.784482
24223 194.502 185 4 2 4 2 3 2 1.25645 0.0461449 0.506013 0.122212 0.109605 0.163976 0.754687 0.785707
24224 194.51 185 4 2 4 2 3 2 1.25442 0.0507724 0.505191 0.122017 0.110914 0.163129 0.755911 0.786115
24225 194.518 185 4 2 4 2 3 2 1.2518 0.0436129 0.504072 0.121827 0.112215 0.162271 0.756319 0.786523
24226 194.526 185 4 2 4 2 3 2 1.24828 0.0496419 0.502225 0.121914 0.11351 0.161404 0.756319 0.786115
24227 194.534 185 4 2 4 2 3 2 1.24351 0.0471992 0.500143 0.121612 0.114798 0.160526 0.756319 0.786115
24228 194.542 185 4 2 4 2 3 2 1.24724 0.0400702 0.502166 0.121456 0.116078 0.159639 0.756319 0.786115
24229 194.55 185 4 2 4 2 3 2 1.24665 0.0460032 0.501851 0.121472 0.117352 0.158742 0.756319 0.785707
24230 194.558 185 4 2 4 2 3 2 1.24397 0.0421074 0.500326 0.12166 0.118629 0.157827 0.755095 0.786115
24231 194.566 185 4 2 4 2 3 2 1.24699 0.041704 0.502099 0.121397 0.119898 0.156903 0.755503 0.78489
24232 194.574 185 4 2 4 2 3 2 1.24221 0.0464548 0.499491 0.121612 0.12116 0.155969 0.755503 0.783258
24233 194.582 185 4 2 4 2 3 2 1.24253 0.0428434 0.499622 0.121643 0.122415 0.155025 0.755911 0.784074
24234 194.59 185 4 2 4 2 3 2 1.24662 0.0365778 0.501673 0.121639 0.123662 0.154071 0.755095 0.785707
24235 194.598 185 4 2 4 2 3 2 1.24719 0.0435751 0.50213 0.121465 0.124901 0.153108 0.755503 0.786115
24236 194.606 185 4 2 4 2 3 2 1.24161 0.0357485 0.499507 0.121296 0.126132 0.152135 0.756319 0.786523
24237 194.615 185 4 2 4 2 3 2 1.24112 0.0429239 0.499184 0.121375 0.127355 0.151153 0.755911 0.785707
24238 194.623 185 4 2 4 2 3 2 1.2354 0.037082 0.496539 0.121159 0.128571 0.150161 0.757544 0.786115
24239 194.631 185 4 2 4 2 3 2 1.23863 0.0352901 0.498282 0.121033 0.129778 0.14916 0.755911 0.785707
24240 194.639 185 4 2 4 2 3 2 1.23707 0.0356398 0.497629 0.120903 0.130977 0.148149 0.756319 0.786523
24241 194.647 185 4 2 4 2 3 2 1.23836 0.0358584 0.498133 0.121048 0.132168 0.14713 0.755503 0.786115
24242 194.655 185 4 2 4 2 3 2 1.23644 0.0342891 0.497079 0.121143 0.133351 0.146101 0.754687 0.785707
24243 194.663 185 4 2 4 2 3 2 1.23616 0.0359227 0.497095 0.120985 0.134526 0.145062 0.755911 0.784482
24244 194.671 185 4 2 4 2 3 2 1.23472 0.0331027 0.496273 0.121087 0.135692 0.144015 0.754278 0.782441
24245 194.679 185 5 2 5 2 3 2 1.23171 0.0358387 0.494571 0.121284 0.136849 0.142959 0.755911 0.784482
24246 194.687 185 4 2 4 2 3 2 1.2399 0.0277808 0.498654 0.121297 0.137998 0.141894 0.755095 0.785707
24247 194.695 185 4 2 4 2 3 2 1.24021 0.0324634 0.498992 0.121114 0.139139 0.14082 0.755503 0.786523
24248 194.703 185 4 2 4 2 3 2 1.23579 0.0264385 0.49701 0.120887 0.14027 0.139737 0.756319 0.786115
24249 194.711 185 4 2 4 2 3 2 1.23116 0.0311233 0.494698 0.120884 0.141404 0.138635 0.755911 0.785707
24250 194.72 185 4 2 4 2 3 2 1.2283 0.0258876 0.493204 0.120948 0.14253 0.137523 0.756727 0.786115
24251 194.728 185 4 2 4 2 3 2 1.23136 0.0264315 0.494998 0.120681 0.143646 0.136403 0.756319 0.786115
24252 194.736 185 4 2 4 2 3 2 1.23151 0.0267692 0.495197 0.120558 0.144753 0.135274 0.756319 0.786523
24253 194.744 185 4 2 4 2 3 2 1.22994 0.0260745 0.494358 0.120615 0.14585 0.134136 0.756319 0.785707
24254 194.752 185 4 2 4 2 3 2 1.22887 0.0273609 0.493712 0.120726 0.146939 0.13299 0.755503 0.786523
24255 194.76 185 4 2 4 2 3 2 1.23095 0.0193815 0.494976 0.120498 0.148018 0.131836 0.755503 0.784482
24256 194.768 185 4 2 4 2 3 2 1.22555 0.0259684 0.492047 0.120727 0.149087 0.130673 0.755503 0.784074
24257 194.777 185 4 2 4 2 3 2 1.22884 0.0206577 0.493674 0.120747 0.150147 0.129501 0.755095 0.782441
24258 194.785 185 4 2 4 2 3 2 1.22532 0.0239305 0.491863 0.120798 0.151198 0.128322 0.755911 0.784482
24259 194.793 185 4 2 4 2 3 2 1.23269 0.0196248 0.495507 0.12084 0.152239 0.127134 0.755095 0.785707
24260 194.801 185 4 2 4 2 3 2 1.23098 0.0196972 0.494818 0.12067 0.15327 0.125938 0.755503 0.786523
24261 194.809 185 4 2 4 2 3 2 1.22776 0.0181424 0.493422 0.120455 0.154291 0.124734 0.756319 0.786523
24262 194.817 185 4 2 4 2 3 2 1.22651 0.0180691 0.492911 0.120342 0.155303 0.123522 0.756727 0.786523
24263 194.825 185 4 2 4 2 3 2 1.22155 0.0196796 0.490432 0.120344 0.156304 0.122302 0.756727 0.785707
24264 194.834 185 4 2 4 2 3 2 1.22138 0.0158124 0.490663 0.120027 0.157296 0.121075 0.756727 0.786115
24265 194.842 185 4 2 4 2 3 2 1.223 0.0152236 0.491341 0.120161 0.158277 0.119839 0.755911 0.785707
24266 194.85 185 4 2 4 2 3 2 1.22468 0.013916 0.492187 0.120153 0.159249 0.118596 0.756319 0.786523
24267 194.858 185 4 2 4 2 3 2 1.22198 0.0151895 0.490684 0.120305 0.16021 0.117346 0.756319 0.785707
24268 194.866 185 4 2 4 2 3 2 1.22277 0.0114087 0.490974 0.120413 0.161161 0.116088 0.755503 0.786523
24269 194.874 185 4 2 4 2 3 2 1.22498 0.00886721 0.492286 0.120204 0.162102 0.114822 0.755095 0.786115
24270 194.883 185 4 2 4 2 3 2 1.22351 0.0113657 0.491519 0.120233 0.163033 0.11355 0.755911 0.784482
24271 194.891 185 4 2 4 2 3 2 1.21856 0.00815612 0.488886 0.120392 0.163965 0.112253 0.755503 0.783258
24272 194.899 185 4 2 5 2 3 2 1.22105 0.0111226 0.490041 0.120483 0.164886 0.110949 0.755503 0.784482
24273 194.907 185 4 2 4 2 3 2 1.22389 0.00367185 0.491602 0.120345 0.165797 0.109637 0.755095 0.78489
24274 194.916 185 4 2 4 2 3 2 1.22472 0.00705571 0.491884 0.120475 0.166697 0.108318 0.754687 0.785707
24275 194.924 185 4 2 4 2 3 2 1.22492 0.00992194 0.492162 0.1203 0.167585 0.106993 0.755503 0.786523
24276 194.932 185 4 2 4 2 3 2 1.22249 0.00396445 0.491101 0.120145 0.168463 0.10566 0.756319 0.785707
24277 194.94 185 4 2 4 2 3 2 1.21899 0.00503146 0.489494 0.12 0.16933 0.10432 0.756319 0.786523
24278 194.949 185 4 2 4 2 3 2 1.21866 0.00515829 0.489182 0.120149 0.170186 0.102974 0.755911 0.785707
24279 194.957 185 4 2 4 2 3 2 1.21512 0.00396972 0.487359 0.120203 0.17103 0.10162 0.756727 0.786115
24280 194.965 185 4 2 4 2 3 2 1.21981 0.000475639 0.489923 0.119982 0.171864 0.100261 0.756319 0.786115
24281 194.973 185 4 2 4 2 3 2 1.21947 0.00253758 0.489768 0.119969 0.172686 0.0988941 0.755911 0.785707
24282 194.982 185 4 2 4 2 3 2 1.21773 0.0013112 0.488876 0.119988 0.173497 0.0975211 0.756319 0.786523
24283 194.99 185 4 2 4 2 3 2 1.21939 -0.000743013 0.489541 0.120153 0.174296 0.0961418 0.756319 0.786523
24284 194.998 185 4 2 4 2 3 2 1.22051 -0.00435586 0.490092 0.120165 0.175084 0.0947561 0.755503 0.786115
24285 195.006 185 4 2 4 2 3 2 1.21797 -0.00132393 0.488738 0.120249 0.175861 0.0933643 0.754687 0.786115
24286 195.015 185 4 2 4 2 3 2 1.21867 -0.00499737 0.489266 0.120067 0.176626 0.0919663 0.755503 0.784482
24287 195.023 185 4 2 4 2 3 2 1.2148 -0.00100527 0.487052 0.120349 0.177379 0.0905624 0.755911 0.784482
24288 195.031 185 4 2 4 2 3 2 1.21998 -0.00929573 0.489699 0.120289 0.178121 0.0891524 0.755911 0.783666
24289 195.039 185 4 2 4 2 3 2 1.2193 -0.00599105 0.489219 0.120431 0.178851 0.0877367 0.755503 0.783258
24290 195.048 185 4 2 4 2 3 2 1.21864 -0.00840411 0.489061 0.120261 0.17957 0.0863152 0.755911 0.784074
24291 195.056 185 4 2 4 2 3 2 1.21968 -0.00810886 0.489519 0.12032 0.180276 0.084888 0.755911 0.784482
24292 195.064 185 4 2 4 2 3 2 1.22167 -0.00901517 0.490697 0.120139 0.180971 0.0834553 0.754687 0.785707
24293 195.072 185 4 2 4 2 3 2 1.22007 -0.00895073 0.490015 0.120022 0.181654 0.0820172 0.755503 0.786523
24294 195.081 185 4 2 4 2 3 2 1.21893 -0.0134087 0.489524 0.119942 0.182326 0.0805736 0.755911 0.786115
24295 195.089 185 4 2 4 2 3 2 1.21575 -0.00989216 0.488018 0.119859 0.182985 0.0791248 0.756319 0.785707
24296 195.097 185 4 2 4 2 3 2 1.21663 -0.0115477 0.48829 0.120025 0.183632 0.0776708 0.756319 0.786523
24297 195.105 185 4 2 4 2 3 2 1.21801 -0.0144073 0.488963 0.120042 0.184267 0.0762117 0.755911 0.785707
24298 195.114 185 4 2 4 2 3 2 1.21146 -0.0124423 0.48554 0.120191 0.184891 0.0747476 0.756727 0.786115
24299 195.122 185 4 2 4 2 3 2 1.21889 -0.0154328 0.489474 0.119972 0.185502 0.0732786 0.757135 0.786115
24300 195.13 185 4 2 4 2 3 2 1.21706 -0.0165419 0.488732 0.119796 0.186101 0.0718049 0.756727 0.786115
24301 195.138 185 4 2 4 2 3 2 1.21747 -0.0172917 0.488865 0.11987 0.186687 0.0703264 0.756727 0.785707
24302 195.147 185 3 2 3 2 3 2 1.21662 -0.0176215 0.488347 0.119963 0.187262 0.0688433 0.755911 0.785707
24303 195.155 185 4 2 3 2 3 2 1.21966 -0.0207868 0.489801 0.120028 0.187824 0.0673557 0.756319 0.786523
24304 195.163 185 4 2 4 2 3 2 1.21653 -0.0195001 0.488057 0.120207 0.188374 0.0658637 0.756319 0.785707
24305 195.172 185 4 2 4 2 3 2 1.21867 -0.0214177 0.489059 0.120277 0.188912 0.0643674 0.755911 0.786115
24306 195.18 185 4 2 4 2 3 2 1.21758 -0.0213979 0.488343 0.120446 0.189437 0.0628669 0.755503 0.786523
24307 195.188 185 4 2 3 2 3 2 1.21966 -0.0250874 0.489433 0.120394 0.18995 0.0613622 0.755095 0.786523
24308 195.196 185 4 2 3 2 3 2 1.22103 -0.0258666 0.490232 0.120285 0.19045 0.0598536 0.754687 0.785707
24309 195.205 185 4 2 4 2 3 2 1.21766 -0.0250303 0.488503 0.120326 0.190938 0.058341 0.755503 0.784482
24310 195.213 185 4 2 4 2 3 2 1.21656 -0.023106 0.487733 0.120545 0.191413 0.0568246 0.755095 0.78489
24311 195.221 185 4 2 4 2 3 2 1.22113 -0.0309771 0.490001 0.120565 0.191876 0.0553045 0.755503 0.784074
24312 195.229 185 4 2 4 2 3 2 1.21996 -0.0289238 0.489428 0.120554 0.192326 0.0537807 0.755911 0.784074
24313 195.238 185 4 2 4 2 3 2 1.22012 -0.0295423 0.489407 0.120652 0.192764 0.0522534 0.755095 0.782441
24314 195.246 185 4 2 4 2 3 2 1.21872 -0.0267986 0.488684 0.120678 0.193189 0.0507227 0.755503 0.783258
24315 195.254 185 4 2 3 2 3 2 1.22248 -0.0321123 0.490688 0.120551 0.193602 0.0491887 0.755503 0.784074
24316 195.262 185 4 2 4 2 3 2 1.22248 -0.0322139 0.490647 0.120593 0.194001 0.0476515 0.755911 0.784482
24317 195.271 185 4 2 3 2 3 2 1.2224 -0.0328029 0.490565 0.120634 0.194389 0.0461111 0.755503 0.78489
24318 195.279 185 4 2 3 2 3 2 1.22403 -0.0340479 0.491493 0.120522 0.194763 0.0445678 0.755503 0.784482
24319 195.287 185 3 2 3 2 3 2 1.22316 -0.0318677 0.491125 0.120458 0.195124 0.0430215 0.755095 0.785707
24320 195.295 185 4 2 4 2 3 2 1.22225 -0.0366627 0.490621 0.120505 0.195473 0.0414724 0.754687 0.786115
24321 195.304 185 4 2 4 2 3 2 1.22247 -0.0365443 0.490676 0.120558 0.195809 0.0399205 0.755095 0.786523
24322 195.312 185 4 2 3 2 3 2 1.22357 -0.0367305 0.491291 0.120496 0.196132 0.0383661 0.755503 0.786523
24323 195.32 185 4 2 3 2 3 2 1.22117 -0.0372525 0.490118 0.120468 0.196443 0.0368092 0.755503 0.786115
24324 195.328 185 3 2 3 2 3 2 1.22247 -0.0394446 0.490724 0.120509 0.19674 0.0352498 0.755503 0.786115
24325 195.337 185 4 2 3 2 3 2 1.22319 -0.0415331 0.491027 0.120569 0.197025 0.0336881 0.756319 0.785707
24326 195.345 185 4 2 4 2 3 2 1.22254 -0.0412595 0.49064 0.120631 0.197296 0.0321242 0.756319 0.785707
24327 195.353 185 4 2 4 2 3 2 1.22397 -0.0397341 0.491199 0.120784 0.197555 0.0305583 0.756319 0.786523
24328 195.361 185 4 2 4 2 3 2 1.22562 -0.0445618 0.491975 0.120834 0.197801 0.0289903 0.756319 0.786523
24329 195.37 185 4 2 3 2 3 2 1.22493 -0.0435623 0.491678 0.120787 0.198034 0.0274204 0.756319 0.786523
24330 195.378 185 3 2 4 2 3 2 1.22348 -0.04356 0.490919 0.120819 0.198254 0.0258487 0.756319 0.786115
24331 195.386 185 4 2 3 2 3 2 1.22606 -0.0459422 0.492144 0.120888 0.198461 0.0242754 0.755911 0.785707
24332 195.394 185 4 2 4 2 3 2 1.22494 -0.0470355 0.491362 0.121108 0.198655 0.0227004 0.755911 0.785707
24333 195.403 185 4 2 3 2 3 2 1.22694 -0.0470137 0.492307 0.121165 0.198835 0.0211239 0.755911 0.785707
24334 195.411 185 3 2 3 2 3 2 1.22806 -0.0497265 0.492825 0.121203 0.199003 0.0195461 0.756727 0.785707
24335 195.419 185 4 2 3 2 3 2 1.22725 -0.0491688 0.49246 0.121163 0.199158 0.017967 0.756727 0.785707
24336 195.427 185 4 2 3 2 3 2 1.22903 -0.050514 0.493358 0.12116 0.1993 0.0163867 0.756319 0.786115
24337 195.436 185 4 2 3 2 3 2 1.22821 -0.0499253 0.492924 0.121182 0.199429 0.0148054 0.756319 0.786115
24338 195.444 185 3 2 3 2 3 2 1.23161 -0.052616 0.494577 0.121227 0.199544 0.013223 0.756319 0.786115
24339 195.452 185 4 2 3 2 3 2 1.22994 -0.0509598 0.4937 0.121268 0.199647 0.0116398 0.756727 0.786115
24340 195.46 185 4 2 3 2 3 2 1.22973 -0.0534018 0.493579 0.121285 0.199737 0.0100559 0.756727 0.786115
24341 195.469 185 4 2 3 2 3 2 1.23103 -0.053965 0.494195 0.121321 0.199813 0.00847128 0.756727 0.786115
24342 195.477 185 4 2 3 2 3 2 1.23184 -0.0539477 0.494578 0.12134 0.199877 0.00688611 0.756727 0.786115
24343 195.485 185 4 2 3 2 3 2 1.23315 -0.0541151 0.49516 0.121413 0.199927 0.00530049 0.756727 0.786115
24344 195.493 185 4 2 2 2 3 2 1.2344 -0.056926 0.49579 0.12141 0.199964 0.00371452 0.756727 0.786115
24345 195.502 185 3 2 2 2 3 2 1.23456 -0.0551292 0.495839 0.121443 0.199988 0.00212831 0.756727 0.786115
24346 195.51 185 4 2 2 2 3 2 1.23286 -0.0602674 0.494963 0.121469 0.199999 0.000541959 0.757544 0.786115
24347 195.518 185 3 2 3 2 3 2 1.23614 -0.0603353 0.496598 0.121474 0.199997 -0.00106929 0.757544 0.786115
24348 195.527 185 3 2 3 2 3 2 1.23776 -0.0616844 0.497393 0.121487 0.199981 -0.00268894 0.756727 0.786115
24349 195.535 185 3 2 3 2 3 2 1.23654 -0.058426 0.496725 0.121544 0.199952 -0.00430841 0.756727 0.786115
24350 195.544 185 3 2 2 2 3 2 1.23733 -0.0621501 0.497039 0.121627 0.199909 -0.00592759 0.756727 0.786115
24351 195.552 185 3 2 2 2 3 2 1.23782 -0.0611773 0.497294 0.121619 0.199852 -0.00754636 0.756727 0.786115
24352 195.561 185 3 2 2 2 3 2 1.23785 -0.0626428 0.497297 0.121629 0.199781 -0.00916461 0.757135 0.786115
24353 195.569 185 2 2 2 2 3 2 1.23895 -0.0632598 0.497826 0.121648 0.199697 -0.0107822 0.756727 0.786115
24354 195.577 185 4 2 3 2 3 2 1.24218 -0.0640181 0.499345 0.121746 0.1996 -0.0123991 0.756727 0.786115
24355 195.586 185 3 2 3 2 3 2 1.24078 -0.0675281 0.498597 0.121793 0.199488 -0.0140152 0.756319 0.786115
24356 195.594 185 4 2 3 2 3 2 1.24221 -0.0660172 0.499258 0.121848 0.199363 -0.0156303 0.756319 0.786115
24357 195.603 185 4 2 3 2 3 2 1.2425 -0.0668641 0.499354 0.121896 0.199225 -0.0172443 0.756319 0.786115
24358 195.611 185 2 2 3 2 3 2 1.24413 -0.0690848 0.500112 0.121953 0.199073 -0.0188571 0.756727 0.785707
24359 195.62 185 4 2 3 2 3 2 1.24342 -0.0692648 0.499648 0.122063 0.198907 -0.0204687 0.756319 0.785707
24360 195.628 185 3 2 4 2 3 2 1.24487 -0.0706144 0.500326 0.122108 0.198727 -0.0220789 0.755911 0.785707
24361 195.636 185 4 2 4 2 3 2 1.24675 -0.0709318 0.501203 0.122171 0.198535 -0.0236875 0.755911 0.785707
24362 195.645 185 3 2 3 2 3 2 1.24712 -0.0714492 0.501376 0.122187 0.198328 -0.0252946 0.755911 0.785707
24363 195.653 185 4 2 3 2 3 2 1.2476 -0.0726277 0.501512 0.122289 0.198108 -0.0268999 0.756319 0.786523
24364 195.662 185 4 2 3 2 3 2 1.24884 -0.0756343 0.502129 0.12229 0.197875 -0.0285033 0.756319 0.786523
24365 195.67 185 4 2 4 2 3 2 1.24922 -0.0749762 0.502375 0.122236 0.197628 -0.0301049 0.756319 0.786523
24366 195.678 185 4 2 4 2 3 2 1.25217 -0.0719704 0.503905 0.12218 0.197369 -0.0316951 0.756319 0.786115
24367 195.687 185 4 2 4 2 3 2 1.24994 -0.0759707 0.502771 0.122197 0.197096 -0.0332832 0.756319 0.785707
24368 195.695 185 3 2 4 2 3 2 1.2506 -0.079189 0.502898 0.1224 0.196811 -0.0348691 0.755911 0.786115
24369 195.704 185 4 2 4 2 3 2 1.25347 -0.0784428 0.504352 0.122382 0.196512 -0.0364526 0.755911 0.786115
24370 195.712 185 4 2 3 2 3 2 1.25487 -0.07872 0.505111 0.122322 0.1962 -0.0380336 0.755503 0.786523
24371 195.72 185 3 2 3 2 3 2 1.2537 -0.0792334 0.504574 0.122275 0.195874 -0.0396121 0.755503 0.786523
24372 195.729 185 4 2 3 2 3 2 1.25497 -0.0802553 0.505291 0.122193 0.195536 -0.0411879 0.754687 0.786115
24373 195.737 185 3 2 4 2 3 2 1.25548 -0.0814944 0.50557 0.122168 0.195184 -0.0427609 0.754687 0.785707
24374 195.746 185 4 2 4 2 3 2 1.25578 -0.0836144 0.505604 0.122284 0.194819 -0.044331 0.755503 0.784482
24375 195.754 185 4 2 4 2 3 2 1.25391 -0.0843943 0.504457 0.122499 0.194441 -0.0458981 0.755503 0.78489
24376 195.762 185 4 2 4 2 3 2 1.26026 -0.0835208 0.507631 0.122501 0.19405 -0.0474622 0.755911 0.784482
24377 195.771 185 4 2 4 2 3 2 1.25844 -0.084382 0.506735 0.122485 0.193645 -0.049023 0.755503 0.784482
24378 195.779 185 3 2 3 2 3 2 1.26181 -0.0859731 0.508365 0.122539 0.193228 -0.0505806 0.755911 0.783258
24379 195.787 185 4 2 4 2 3 2 1.25832 -0.0874117 0.50654 0.122622 0.1928 -0.052125 0.754687 0.782441
24380 195.796 185 4 2 3 2 3 2 1.26209 -0.0871322 0.508467 0.122577 0.19236 -0.053666 0.755911 0.783666
24381 195.804 185 4 2 3 2 3 2 1.26394 -0.086955 0.509505 0.122463 0.191906 -0.0552035 0.755503 0.784074
24382 195.812 185 4 2 3 2 3 2 1.26541 -0.0883093 0.510142 0.122565 0.19144 -0.0567372 0.755095 0.78489
24383 195.821 185 4 2 4 2 3 2 1.26667 -0.0901428 0.51084 0.122495 0.190961 -0.0582672 0.755503 0.784482
24384 195.829 185 4 2 3 2 3 2 1.26534 -0.0918018 0.510302 0.122367 0.19047 -0.0597933 0.754687 0.785707
24385 195.837 185 4 2 4 2 3 2 1.2692 -0.0910016 0.512239 0.122361 0.189965 -0.0613154 0.755095 0.786523
24386 195.846 185 4 2 4 2 3 2 1.26621 -0.0898643 0.510796 0.12231 0.189448 -0.0628334 0.755503 0.786523
24387 195.854 185 4 2 3 2 3 2 1.26778 -0.090497 0.511642 0.122249 0.188919 -0.0643472 0.755911 0.786115
24388 195.862 185 4 2 4 2 3 2 1.26664 -0.0927727 0.511115 0.122205 0.188376 -0.0658567 0.756319 0.785707
24389 195.871 185 4 2 4 2 3 2 1.2662 -0.0943729 0.510636 0.122462 0.187822 -0.0673619 0.756319 0.786523
24390 195.879 185 4 2 4 2 3 2 1.26961 -0.0913149 0.512285 0.122519 0.187254 -0.0688625 0.755911 0.785707
24391 195.887 185 4 2 4 2 3 2 1.26599 -0.0918617 0.510338 0.122657 0.186679 -0.0703487 0.756727 0.785707
24392 195.896 185 4 2 4 2 3 2 1.27309 -0.0920838 0.514111 0.122435 0.18609 -0.0718301 0.756727 0.786115
24393 195.904 185 4 2 4 2 3 2 1.27116 -0.0922562 0.513411 0.122168 0.18549 -0.0733069 0.757135 0.786115
24394 195.912 185 4 2 3 2 3 2 1.27239 -0.0962543 0.513985 0.122207 0.184877 -0.0747788 0.756727 0.785707
24395 195.92 185 4 2 3 2 3 2 1.27226 -0.0956138 0.513821 0.122311 0.184253 -0.0762459 0.755911 0.785707
24396 195.929 185 4 2 4 2 3 2 1.2745 -0.0962563 0.514876 0.122376 0.183616 -0.0777079 0.756319 0.786523
24397 195.937 185 4 2 4 2 3 2 1.27555 -0.0988799 0.515156 0.122619 0.182967 -0.0791648 0.756319 0.785707
24398 195.945 185 4 2 4 2 3 2 1.27558 -0.0977686 0.515126 0.122665 0.182306 -0.0806165 0.755911 0.786115
24399 195.953 185 4 2 4 2 3 2 1.27806 -0.0980082 0.5162 0.122831 0.181633 -0.0820628 0.755503 0.786523
24400 195.962 185 4 2 3 2 3 2 1.28043 -0.09842 0.517497 0.122717 0.180948 -0.0835038 0.754687 0.785707
24401 195.97 185 4 2 4 2 3 2 1.27823 -0.10072 0.516355 0.122761 0.180251 -0.0849393 0.755503 0.784482
24402 195.978 185 4 2 4 2 3 2 1.27717 -0.101338 0.515664 0.122919 0.179548 -0.0863591 0.755503 0.784074
24403 195.986 185 4 2 4 2 3 2 1.28205 -0.099042 0.517973 0.123051 0.178833 -0.0877732 0.755503 0.783258
24404 195.995 185 4 2 4 2 3 2 1.28077 -0.103944 0.517216 0.123171 0.178106 -0.0891816 0.755911 0.783666
24405 196.003 185 4 2 4 2 3 2 1.28576 -0.100464 0.519845 0.123037 0.177368 -0.0905843 0.755911 0.784482
24406 196.011 185 4 2 4 2 3 2 1.28571 -0.104216 0.519741 0.123113 0.176618 -0.0919811 0.755503 0.784482
24407 196.019 185 4 2 4 2 3 2 1.28774 -0.105141 0.520937 0.122935 0.175856 -0.0933719 0.754687 0.786115
24408 196.028 185 4 2 4 2 3 2 1.28688 -0.103523 0.520469 0.122973 0.175084 -0.0947567 0.755503 0.786115
24409 196.036 185 4 2 4 2 3 2 1.28602 -0.104086 0.520187 0.122825 0.1743 -0.0961353 0.756319 0.786523
24410 196.044 185 4 2 4 2 3 2 1.28708 -0.103863 0.520715 0.122824 0.173504 -0.0975077 0.756319 0.786523
24411 196.052 185 4 2 4 2 3 2 1.28425 -0.105828 0.519223 0.122903 0.172698 -0.0988738 0.755911 0.785707
24412 196.06 185 4 2 4 2 3 2 1.28525 -0.104451 0.519634 0.122992 0.17188 -0.100233 0.756319 0.786115
24413 196.069 185 4 2 4 2 3 2 1.28732 -0.102104 0.520962 0.122697 0.171051 -0.101587 0.756727 0.786115
24414 196.077 185 4 2 4 2 3 2 1.29022 -0.107219 0.522352 0.122758 0.170211 -0.102933 0.755911 0.785707
24415 196.085 185 4 2 4 2 3 2 1.2896 -0.103466 0.521969 0.122832 0.169367 -0.104263 0.756319 0.786523
24416 196.093 185 4 2 4 2 3 2 1.29024 -0.10879 0.52205 0.123068 0.168512 -0.105585 0.756319 0.785707
24417 196.101 185 4 2 4 2 3 2 1.29195 -0.106719 0.522737 0.123236 0.167646 -0.106902 0.755503 0.786523
24418 196.109 185 4 2 4 2 3 2 1.29589 -0.107272 0.524751 0.123196 0.166769 -0.108211 0.754687 0.785707
24419 196.118 185 4 2 4 2 3 2 1.29306 -0.11063 0.523386 0.123146 0.165882 -0.109513 0.755503 0.78489
24420 196.126 185 4 2 4 2 3 2 1.29226 -0.109935 0.522853 0.123277 0.164984 -0.110808 0.755503 0.784482
24421 196.134 185 4 2 4 2 3 2 1.29611 -0.108357 0.524546 0.123509 0.164076 -0.112097 0.755095 0.782849
24422 196.142 185 4 2 4 2 3 2 1.29478 -0.113023 0.5239 0.123488 0.163157 -0.113378 0.755911 0.784482
24423 196.15 185 4 2 4 2 3 2 1.29964 -0.108752 0.526234 0.123585 0.162228 -0.114652 0.755095 0.78489
24424 196.158 185 4 2 4 2 3 2 1.30223 -0.110751 0.527682 0.123433 0.161288 -0.115918 0.755503 0.786523
24425 196.166 185 4 2 4 2 3 2 1.30059 -0.110557 0.526903 0.123391 0.160338 -0.117178 0.755911 0.786115
24426 196.175 185 4 2 4 2 3 2 1.29951 -0.110913 0.526562 0.123195 0.159378 -0.118429 0.756319 0.786523
24427 196.183 185 4 2 4 2 3 2 1.29769 -0.111946 0.525405 0.123442 0.158408 -0.119673 0.755911 0.785707
24428 196.191 185 4 2 4 2 3 2 1.29553 -0.1111 0.52434 0.123427 0.157428 -0.12091 0.756727 0.786115
24429 196.199 185 4 2 4 2 3 2 1.30051 -0.108107 0.527035 0.123221 0.156446 -0.122128 0.756319 0.786115
24430 196.207 185 4 2 4 2 3 2 1.30176 -0.112026 0.527664 0.123218 0.155454 -0.123339 0.755911 0.785707
24431 196.215 185 4 2 4 2 3 2 1.30088 -0.111617 0.527031 0.123408 0.154453 -0.124541 0.756319 0.785707
24432 196.223 185 4 2 4 2 3 2 1.303 -0.114878 0.527878 0.123622 0.153442 -0.125736 0.755503 0.786115
24433 196.231 185 4 2 4 2 3 2 1.30483 -0.11226 0.528679 0.123738 0.152421 -0.126923 0.754687 0.785707
24434 196.239 185 4 2 4 2 3 2 1.30465 -0.113923 0.528694 0.123632 0.151391 -0.128102 0.755095 0.78489
24435 196.247 185 4 2 4 2 3 2 1.3026 -0.116075 0.527467 0.123833 0.150352 -0.129273 0.755911 0.783258
24436 196.256 185 4 2 4 2 3 2 1.30486 -0.116823 0.528437 0.123992 0.149302 -0.130436 0.755503 0.784482
24437 196.264 185 4 2 4 2 3 2 1.31047 -0.110088 0.531335 0.123899 0.148244 -0.131591 0.755911 0.784482
24438 196.272 185 4 2 4 2 3 2 1.31016 -0.115933 0.53117 0.123912 0.147176 -0.132738 0.755095 0.786115
24439 196.28 185 4 2 4 2 3 2 1.31136 -0.115031 0.531702 0.123977 0.146099 -0.133876 0.755503 0.786115
24440 196.288 185 4 2 4 2 3 2 1.30989 -0.113873 0.531168 0.123779 0.145013 -0.135006 0.756319 0.786523
24441 196.296 185 4 2 4 2 3 2 1.30738 -0.115798 0.529745 0.123944 0.143918 -0.136127 0.756319 0.785707
24442 196.304 185 4 2 4 2 3 2 1.30408 -0.114363 0.528384 0.123657 0.142813 -0.13724 0.756727 0.786115
24443 196.312 185 4 2 4 2 3 2 1.30941 -0.114647 0.531044 0.123661 0.1417 -0.138344 0.755911 0.785707
24444 196.32 185 4 2 4 2 3 2 1.31081 -0.114797 0.531742 0.123664 0.140578 -0.13944 0.756319 0.786523
24445 196.328 185 4 2 4 2 3 2 1.31058 -0.115875 0.531395 0.123897 0.139447 -0.140526 0.755911 0.786115
24446 196.336 185 4 2 4 2 3 2 1.31256 -0.114076 0.532264 0.124017 0.138319 -0.141594 0.754687 0.785707
24447 196.344 185 4 2 4 2 3 2 1.31326 -0.114182 0.532828 0.123805 0.137182 -0.142652 0.755095 0.78489
24448 196.352 185 4 2 4 2 3 2 1.30918 -0.121519 0.530448 0.124141 0.136037 -0.143702 0.755503 0.783258
24449 196.36 185 4 2 4 2 3 2 1.31247 -0.117762 0.531948 0.124288 0.134884 -0.144742 0.755503 0.784074
24450 196.368 185 4 2 4 2 3 2 1.31923 -0.113965 0.535232 0.124381 0.133722 -0.145774 0.755503 0.784482
24451 196.376 185 4 2 4 2 3 2 1.32008 -0.116972 0.535911 0.124127 0.132552 -0.146797 0.755503 0.786523
24452 196.384 185 4 2 4 2 3 2 1.31639 -0.11521 0.533975 0.124219 0.131374 -0.147811 0.756319 0.786115
24453 196.392 185 4 2 4 2 3 2 1.31594 -0.118087 0.533789 0.124182 0.130188 -0.148816 0.755911 0.785298
24454 196.4 185 4 2 4 2 3 2 1.31202 -0.118531 0.531647 0.124361 0.128994 -0.149812 0.756319 0.786115
24455 196.408 185 4 2 4 2 3 2 1.31542 -0.114258 0.533688 0.124021 0.127792 -0.150798 0.756319 0.786115
24456 196.416 185 4 2 4 2 3 2 1.31486 -0.115801 0.533489 0.12394 0.126582 -0.151776 0.756319 0.786523
24457 196.424 185 4 2 4 2 3 2 1.31923 -0.115127 0.535538 0.124077 0.125364 -0.152744 0.755911 0.786115
24458 196.432 185 4 2 4 2 3 2 1.31572 -0.119821 0.533591 0.124266 0.124139 -0.153702 0.754687 0.786115
24459 196.44 185 4 2 4 2 3 2 1.32042 -0.11444 0.536217 0.123992 0.122906 -0.154651 0.755095 0.78489
24460 196.448 185 4 2 4 2 3 2 1.3141 -0.122267 0.53266 0.124391 0.121665 -0.155591 0.755095 0.783258
24461 196.456 185 4 2 5 2 3 2 1.31778 -0.119096 0.534314 0.124575 0.120417 -0.156521 0.755911 0.784074
24462 196.464 185 4 2 4 2 3 2 1.32317 -0.113761 0.536927 0.124657 0.119162 -0.157441 0.755095 0.785707
24463 196.472 185 4 2 4 2 3 2 1.32558 -0.120109 0.538247 0.124541 0.117899 -0.158352 0.755503 0.786115
24464 196.48 185 4 2 4 2 3 2 1.3213 -0.11611 0.536219 0.124431 0.116629 -0.159253 0.756319 0.786523
24465 196.488 185 4 2 4 2 3 2 1.32052 -0.118384 0.53568 0.124578 0.115352 -0.160144 0.756319 0.785707
24466 196.496 185 4 2 4 2 3 2 1.3165 -0.116064 0.53408 0.12417 0.114067 -0.161026 0.757135 0.786115
24467 196.504 185 4 2 4 2 3 2 1.32 -0.114862 0.535801 0.124198 0.112776 -0.161897 0.755911 0.785707
24468 196.512 185 4 2 4 2 3 2 1.32044 -0.115116 0.536038 0.124179 0.111478 -0.162759 0.756319 0.786115
24469 196.52 185 4 2 4 2 3 2 1.32056 -0.11824 0.535761 0.124517 0.11019 -0.163599 0.755503 0.786523
24470 196.528 185 4 2 4 2 3 2 1.32433 -0.116047 0.537737 0.124426 0.108895 -0.16443 0.755911 0.784482
24471 196.536 185 4 2 4 2 3 2 1.31752 -0.123781 0.534259 0.124503 0.107594 -0.165251 0.755911 0.783666
24472 196.544 185 4 2 4 2 3 2 1.32315 -0.114797 0.536893 0.124683 0.106286 -0.166062 0.755503 0.784074
24473 196.552 185 4 2 4 2 3 2 1.32411 -0.117733 0.537281 0.124774 0.104972 -0.166863 0.755095 0.785707
24474 196.56 185 4 2 4 2 3 2 1.329 -0.11667 0.539899 0.124601 0.103652 -0.167654 0.755503 0.786115
24475 196.567 185 4 2 4 2 3 2 1.32532 -0.118777 0.537994 0.124668 0.102325 -0.168435 0.756319 0.786523
24476 196.575 185 4 2 4 2 3 2 1.32361 -0.114879 0.537012 0.124795 0.100993 -0.169206 0.756727 0.785707
24477 196.583 185 4 2 4 2 3 2 1.31763 -0.116336 0.534528 0.124288 0.0996541 -0.169967 0.756727 0.786115
24478 196.591 185 4 2 4 2 3 2 1.32334 -0.115338 0.537319 0.124353 0.0983095 -0.170718 0.755911 0.785707
24479 196.599 185 4 2 4 2 3 2 1.32224 -0.114535 0.536644 0.124477 0.096959 -0.171458 0.756319 0.785707
24480 196.607 185 4 2 4 2 3 2 1.3228 -0.116434 0.536608 0.12479 0.0956027 -0.172188 0.754687 0.786115
24481 196.615 185 4 2 4 2 3 2 1.32729 -0.114674 0.539122 0.124524 0.0942406 -0.172908 0.755095 0.78489
24482 196.623 185 4 2 4 2 3 2 1.32047 -0.121213 0.535424 0.124812 0.092873 -0.173618 0.754278 0.782441
24483 196.631 185 4 2 5 2 3 2 1.32051 -0.122578 0.535189 0.125067 0.0914997 -0.174317 0.755503 0.784482
24484 196.638 185 4 2 4 2 3 2 1.3311 -0.110537 0.540387 0.125163 0.090121 -0.175005 0.754687 0.786115
24485 196.646 185 4 2 4 2 3 2 1.32927 -0.115803 0.539446 0.12519 0.0887369 -0.175684 0.756319 0.785707
24486 196.654 185 4 2 4 2 3 2 1.32758 -0.115146 0.538931 0.124858 0.0873475 -0.176351 0.755911 0.785298
24487 196.662 185 4 2 4 2 3 2 1.31846 -0.116583 0.533978 0.125251 0.0859528 -0.177008 0.757135 0.786115
24488 196.67 185 4 2 4 2 3 2 1.32606 -0.111006 0.538227 0.124802 0.084553 -0.177655 0.755911 0.785707
24489 196.678 185 4 2 4 2 3 2 1.32479 -0.113205 0.537781 0.124614 0.0831481 -0.178291 0.756319 0.786115
24490 196.686 185 4 2 4 2 3 2 1.32517 -0.116793 0.537832 0.124752 0.0817383 -0.178916 0.755503 0.786523
24491 196.694 185 4 2 4 2 3 2 1.32545 -0.111881 0.538053 0.124671 0.0803236 -0.179531 0.755911 0.784482
24492 196.702 185 4 2 4 2 3 2 1.3217 -0.119887 0.535979 0.124873 0.078904 -0.180134 0.755503 0.783258
24493 196.71 185 4 2 4 2 3 2 1.32517 -0.114841 0.537613 0.124972 0.0774798 -0.180727 0.755911 0.784482
24494 196.717 185 4 2 4 2 3 2 1.32957 -0.109969 0.539719 0.125067 0.0760509 -0.18131 0.754687 0.785707
24495 196.725 185 4 2 4 2 3 2 1.33042 -0.117191 0.540222 0.124987 0.0746174 -0.181881 0.755911 0.786115
24496 196.733 185 4 2 4 2 3 2 1.32534 -0.110008 0.537839 0.124833 0.0731795 -0.182441 0.756319 0.786115
24497 196.741 185 4 2 4 2 3 2 1.32094 -0.116569 0.535333 0.125135 0.0717372 -0.182991 0.756727 0.786115
24498 196.749 185 4 2 4 2 3 2 1.32321 -0.110185 0.536676 0.124929 0.0702906 -0.183529 0.755911 0.785707
24499 196.757 185 4 2 4 2 3 2 1.32366 -0.111162 0.537144 0.124685 0.0688398 -0.184057 0.756319 0.786115
24500 196.765 185 4 2 4 2 3 2 1.32373 -0.113869 0.537054 0.124813 0.0673849 -0.184574 0.755503 0.786523
24501 196.773 185 4 2 4 2 3 2 1.32569 -0.110102 0.538111 0.124732 0.0659259 -0.185079 0.755503 0.784482
24502 196.781 185 4 2 4 2 3 2 1.32035 -0.118397 0.535236 0.124941 0.064463 -0.185573 0.755095 0.782849
24503 196.788 185 4 2 5 2 3 2 1.32302 -0.116986 0.536358 0.125153 0.0629962 -0.186057 0.755911 0.784482
24504 196.796 185 4 2 4 2 3 2 1.32966 -0.106587 0.539572 0.125259 0.0615257 -0.186529 0.755095 0.786115
24505 196.804 185 4 2 4 2 3 2 1.32885 -0.112962 0.539104 0.125319 0.0600515 -0.18699 0.756319 0.785707
24506 196.812 185 4 2 4 2 3 2 1.32559 -0.109196 0.537843 0.124951 0.0585737 -0.18744 0.755911 0.785707
24507 196.82 185 4 2 4 2 3 2 1.3187 -0.112171 0.534009 0.125342 0.0570924 -0.187878 0.756727 0.786115
24508 196.828 185 4 2 4 2 3 2 1.32345 -0.10825 0.536703 0.125023 0.0556076 -0.188306 0.755911 0.785707
24509 196.836 185 4 2 4 2 3 2 1.32386 -0.107469 0.537139 0.124791 0.0541195 -0.188722 0.756319 0.785707
24510 196.844 185 4 2 4 2 3 2 1.32173 -0.112669 0.535679 0.125186 0.0526282 -0.189127 0.754687 0.786115
24511 196.852 185 4 2 4 2 3 2 1.32435 -0.106358 0.53734 0.124835 0.0511338 -0.18952 0.755911 0.784482
24512 196.86 185 4 2 4 2 3 2 1.31894 -0.114193 0.534443 0.125025 0.0496363 -0.189902 0.755911 0.783258
24513 196.867 185 4 2 5 2 3 2 1.32152 -0.112508 0.535689 0.125069 0.0481358 -0.190273 0.755503 0.784482
24514 196.875 185 4 2 4 2 3 2 1.32824 -0.107435 0.538971 0.125147 0.0466324 -0.190632 0.755503 0.786523
24515 196.883 185 4 2 4 2 3 2 1.32524 -0.105413 0.537372 0.12525 0.0451262 -0.19098 0.756319 0.786523
24516 196.891 185 4 2 4 2 3 2 1.321 -0.110455 0.535147 0.125355 0.0436174 -0.191317 0.756319 0.786115
24517 196.899 185 4 2 4 2 3 2 1.31805 -0.10483 0.53405 0.124975 0.0421059 -0.191642 0.756319 0.786115
24518 196.907 185 4 2 4 2 3 2 1.32042 -0.104421 0.53545 0.124762 0.0405919 -0.191955 0.756319 0.786523
24519 196.915 185 4 2 4 2 3 2 1.31973 -0.107769 0.535 0.124867 0.0390755 -0.192257 0.755503 0.786523
24520 196.923 185 4 2 4 2 3 2 1.31973 -0.102472 0.535074 0.124793 0.0375567 -0.192548 0.755503 0.784482
24521 196.931 185 4 2 4 2 3 2 1.31864 -0.111456 0.534314 0.125007 0.0360357 -0.192827 0.755503 0.783258
24522 196.938 185 4 2 5 2 3 2 1.31829 -0.105357 0.534107 0.125038 0.0345125 -0.193095 0.755911 0.784482
24523 196.946 185 4 2 4 2 3 2 1.32562 -0.102371 0.537706 0.125103 0.0329873 -0.193351 0.754687 0.786115
24524 196.954 185 4 2 4 2 3 2 1.32308 -0.105762 0.536376 0.125164 0.0314601 -0.193595 0.756319 0.786523
24525 196.962 185 4 2 4 2 3 2 1.3198 -0.103943 0.534995 0.124904 0.029931 -0.193828 0.755911 0.785707
24526 196.97 185 4 2 4 2 3 2 1.31197 -0.105997 0.530982 0.125005 0.0284001 -0.194049 0.756727 0.786115
24527 196.978 185 4 2 4 2 3 2 1.31696 -0.101742 0.53364 0.12484 0.0268675 -0.194258 0.755911 0.785707
24528 196.986 185 4 2 4 2 3 2 1.31554 -0.102313 0.533009 0.124759 0.0253333 -0.194456 0.755911 0.786115
24529 196.994 185 4 2 4 2 3 2 1.31667 -0.103439 0.533271 0.125062 0.0237976 -0.194643 0.754687 0.785707
24530 197.002 185 4 2 4 2 3 2 1.31632 -0.100832 0.533457 0.124705 0.0222605 -0.194817 0.755503 0.784074
24531 197.009 185 4 2 4 2 3 2 1.31351 -0.106301 0.532006 0.124749 0.020722 -0.19498 0.755503 0.784074
24532 197.017 185 4 2 4 2 3 2 1.3159 -0.101681 0.532973 0.124977 0.0191823 -0.195132 0.755095 0.785707
24533 197.025 185 4 2 4 2 3 2 1.321 -0.105052 0.535396 0.125103 0.0176414 -0.195271 0.755911 0.786115
24534 197.033 185 4 2 4 2 3 2 1.31601 -0.0964717 0.533053 0.124951 0.0160995 -0.195399 0.756319 0.786115
24535 197.041 185 4 2 4 2 3 2 1.31211 -0.103308 0.530827 0.125228 0.0145567 -0.195515 0.756727 0.786115
24536 197.049 185 4 2 4 2 3 2 1.31111 -0.09585 0.530643 0.124913 0.0130129 -0.19562 0.755911 0.785707
24537 197.057 185 4 2 4 2 3 2 1.31238 -0.0982328 0.531611 0.12458 0.0114684 -0.195713 0.756319 0.786523
24538 197.065 185 4 2 4 2 3 2 1.31154 -0.100663 0.53096 0.124812 0.00992317 -0.195794 0.755095 0.786115
24539 197.073 185 4 2 4 2 3 2 1.31325 -0.096243 0.532069 0.124553 0.00837736 -0.195863 0.755911 0.784482
24540 197.081 185 4 2 4 2 3 2 1.30809 -0.102712 0.529319 0.124726 0.00683105 -0.195921 0.755503 0.783258
24541 197.088 185 4 2 5 2 3 2 1.30875 -0.102532 0.529608 0.124767 0.00528433 -0.195967 0.755503 0.784482
24542 197.096 185 4 2 4 2 3 2 1.31674 -0.0954832 0.53354 0.124828 0.0037373 -0.196001 0.755503 0.786523
24543 197.104 185 4 2 4 2 3 2 1.31379 -0.0937617 0.531964 0.124931 0.00219004 -0.196024 0.756319 0.786523
24544 197.112 185 4 2 4 2 3 2 1.30752 -0.0986176 0.528744 0.125015 0.000642652 -0.196034 0.756319 0.786115
