0 0 185 0 0 0 0 0 0 5.2027 0.000297032 0 2.60135 -0.2 0 0.757544 0.786115
1 0.00103896 185 9 4 10 4 3 2 1455.31 0.0376933 725.485 2.17183 -0.2 0.000199635 0.757544 0.786115
2 0.00246927 185 8 3 8 3 3 2 26.508 -0.213375 11.4277 1.82634 -0.199999 0.000474467 0.757544 0.786115
3 0.00430204 185 9 2 7 2 3 2 6.51174 -0.228789 1.59179 1.66408 -0.199998 0.000826632 0.757544 0.786115
4 0.00652675 185 7 2 7 2 3 2 5.83345 -0.249501 1.39229 1.52443 -0.199996 0.0012541 0.757135 0.786115
5 0.00911686 185 7 2 7 2 3 2 5.29655 -0.264716 1.2569 1.39137 -0.199992 0.00175177 0.756727 0.786115
6 0.0120412 185 7 2 7 2 3 2 4.79466 -0.27239 1.13109 1.26624 -0.199986 0.00231365 0.756727 0.786115
7 0.0152714 185 7 2 7 2 4 2 4.35043 -0.279779 1.02369 1.15153 -0.199978 0.00293428 0.756727 0.786115
8 0.0187818 185 7 2 7 2 4 2 3.9579 -0.288283 0.929782 1.04917 -0.199966 0.00360871 0.756727 0.786115
9 0.0225493 185 7 2 7 2 4 2 3.62368 -0.293452 0.852301 0.959539 -0.199951 0.00433248 0.756727 0.786115
10 0.0265533 185 7 2 7 2 4 2 3.33489 -0.299962 0.785184 0.882259 -0.199932 0.00510162 0.756727 0.786115
11 0.0307756 185 6 2 7 2 4 2 3.09076 -0.306569 0.729849 0.815531 -0.199909 0.00591261 0.756727 0.786115
12 0.0351969 185 6 2 7 2 4 2 2.8813 -0.311574 0.682412 0.758237 -0.199881 0.00676172 0.756727 0.786115
13 0.0397985 185 6 2 6 2 4 2 2.70461 -0.318116 0.643688 0.708616 -0.199848 0.00764531 0.756727 0.786115
14 0.0445635 185 6 2 6 2 4 2 2.54934 -0.321095 0.60874 0.66593 -0.199809 0.00856012 0.756727 0.786115
15 0.0494776 185 6 2 6 2 4 2 2.41501 -0.32309 0.578552 0.628954 -0.199765 0.00950337 0.757135 0.786115
16 0.0545285 185 6 2 6 2 4 2 2.30068 -0.328488 0.553926 0.596413 -0.199714 0.0104726 0.756727 0.786115
17 0.0597043 185 6 2 7 2 4 2 2.19752 -0.332598 0.530705 0.568055 -0.199658 0.0114656 0.756727 0.786115
18 0.0649931 185 6 2 6 2 4 2 2.11055 -0.33607 0.512488 0.542786 -0.199594 0.0124799 0.756319 0.786115
19 0.0703849 185 7 2 6 2 4 2 2.02704 -0.336052 0.493303 0.520219 -0.199524 0.0135137 0.756319 0.786115
20 0.0758709 185 6 2 6 2 4 2 1.95904 -0.33921 0.479561 0.49996 -0.199447 0.0145651 0.756319 0.786115
21 0.0814434 185 7 2 6 2 4 2 1.89301 -0.343974 0.464861 0.481644 -0.199363 0.0156327 0.756319 0.786115
22 0.0870957 185 6 2 6 2 4 2 1.8359 -0.347846 0.45294 0.46501 -0.199272 0.0167151 0.756319 0.786115
23 0.0928206 185 5 2 6 2 4 2 1.78378 -0.345788 0.442047 0.449844 -0.199173 0.0178108 0.756727 0.786115
24 0.0986116 185 6 2 6 2 4 2 1.73682 -0.351069 0.432377 0.436035 -0.199066 0.0189187 0.756727 0.785707
25 0.104463 185 6 2 6 2 4 2 1.68784 -0.352552 0.420418 0.423501 -0.198952 0.0200375 0.756727 0.785707
26 0.110371 185 6 2 6 2 4 2 1.65466 -0.353364 0.415503 0.411827 -0.198831 0.0211663 0.755911 0.785707
27 0.11633 185 7 2 7 2 4 2 1.61713 -0.354759 0.407417 0.401146 -0.198701 0.0223043 0.755911 0.785707
28 0.122336 185 6 2 6 2 4 2 1.58709 -0.358673 0.402369 0.391174 -0.198564 0.0234506 0.755911 0.785707
29 0.128388 185 6 2 6 2 4 2 1.55381 -0.36146 0.395036 0.381867 -0.198418 0.0246045 0.755911 0.785298
30 0.13448 185 6 2 6 2 4 2 1.52472 -0.358881 0.389297 0.373064 -0.198265 0.0257654 0.756319 0.786115
31 0.140609 185 6 2 6 2 4 2 1.50016 -0.362695 0.385449 0.364632 -0.198104 0.0269325 0.756319 0.786523
32 0.146773 185 6 2 6 2 4 2 1.47595 -0.36236 0.381342 0.356633 -0.197934 0.0281052 0.756319 0.786523
33 0.15297 185 6 2 7 2 4 2 1.44875 -0.363637 0.375224 0.349152 -0.197756 0.0292831 0.756319 0.786523
34 0.159196 185 6 2 6 2 4 2 1.43145 -0.3652 0.373522 0.342205 -0.19757 0.0304655 0.756319 0.786523
35 0.165451 185 7 2 6 2 4 2 1.41129 -0.371103 0.370016 0.33563 -0.197376 0.0316521 0.756319 0.786115
36 0.171731 185 7 2 7 2 4 2 1.3899 -0.370064 0.365391 0.329558 -0.197173 0.0328425 0.756319 0.786523
37 0.178037 185 7 2 6 2 4 2 1.37195 -0.369909 0.361961 0.324013 -0.196962 0.0340362 0.756319 0.785707
38 0.184364 185 7 2 7 2 4 2 1.35648 -0.367947 0.359376 0.318865 -0.196743 0.035233 0.755503 0.786115
39 0.190714 185 7 2 7 2 4 2 1.34284 -0.371155 0.357693 0.313729 -0.196516 0.0364325 0.755911 0.786115
40 0.197084 185 6 2 6 2 4 2 1.33101 -0.37638 0.356808 0.308696 -0.19628 0.0376344 0.755503 0.786523
41 0.203472 185 7 2 6 2 4 2 1.31651 -0.369375 0.354418 0.303835 -0.196036 0.0388384 0.755503 0.786523
42 0.209878 185 6 2 6 2 4 2 1.30526 -0.373779 0.353323 0.299306 -0.195783 0.0400441 0.755095 0.786523
43 0.216301 185 6 2 6 2 4 2 1.29298 -0.375974 0.351567 0.294922 -0.195522 0.0412515 0.754687 0.786115
44 0.22274 185 7 2 6 2 4 2 1.28112 -0.377738 0.349646 0.290913 -0.195252 0.0424601 0.754687 0.785707
45 0.229194 185 7 2 7 2 4 2 1.26966 -0.378047 0.347821 0.287009 -0.194974 0.04367 0.755095 0.785707
46 0.235663 185 6 2 7 2 4 2 1.26331 -0.375733 0.348257 0.2834 -0.194688 0.0448809 0.755503 0.784482
47 0.242146 185 7 2 7 2 4 2 1.25384 -0.378676 0.347195 0.279727 -0.194393 0.0460926 0.755503 0.78489
48 0.248643 185 7 2 6 2 4 2 1.25132 -0.377839 0.349665 0.275996 -0.19409 0.047305 0.755911 0.784482
49 0.255152 185 6 2 7 2 4 2 1.2391 -0.38 0.347044 0.272508 -0.193778 0.0485178 0.755503 0.784074
50 0.261674 185 6 2 7 2 4 2 1.23056 -0.380086 0.346186 0.269093 -0.193457 0.0497309 0.755503 0.784482
51 0.268206 185 7 2 7 2 4 2 1.2218 -0.380274 0.344817 0.266085 -0.193129 0.0509441 0.755503 0.783258
52 0.27475 185 6 2 6 2 4 2 1.21354 -0.379837 0.343808 0.262959 -0.192791 0.0521571 0.754687 0.782441
53 0.281303 185 7 2 6 2 4 2 1.20737 -0.382581 0.343627 0.260058 -0.192446 0.05337 0.755911 0.783666
54 0.287867 185 7 2 7 2 4 2 1.21023 -0.379427 0.34797 0.257144 -0.192091 0.0545825 0.755503 0.784074
55 0.294441 185 7 2 7 2 4 2 1.20204 -0.380749 0.346466 0.254555 -0.191728 0.0557945 0.755911 0.784482
56 0.301024 185 7 2 7 2 4 2 1.1952 -0.379634 0.345801 0.251797 -0.191357 0.0570059 0.755095 0.78489
57 0.307617 185 7 2 6 2 4 2 1.19335 -0.381441 0.347673 0.249002 -0.190977 0.0582168 0.755503 0.784482
58 0.314219 185 7 2 7 2 4 2 1.18592 -0.3833 0.346808 0.246152 -0.190589 0.0594269 0.755095 0.785707
59 0.32083 185 7 2 7 2 4 2 1.17752 -0.380304 0.345178 0.24358 -0.190192 0.0606362 0.754687 0.786115
60 0.32745 185 7 2 6 2 4 2 1.17503 -0.385877 0.346259 0.241255 -0.189787 0.0618446 0.755503 0.786523
61 0.334079 185 7 2 7 2 4 2 1.17116 -0.385177 0.346678 0.238903 -0.189373 0.063052 0.755503 0.786115
62 0.340716 185 7 2 7 2 4 2 1.16883 -0.387741 0.347708 0.236705 -0.18895 0.0642582 0.755911 0.786115
63 0.347361 185 6 2 6 2 4 2 1.16445 -0.389371 0.347728 0.234497 -0.188519 0.0654631 0.756319 0.786115
64 0.354014 185 7 2 7 2 4 2 1.16234 -0.384117 0.348345 0.232824 -0.18808 0.0666666 0.756319 0.786523
65 0.360674 185 7 2 7 2 4 2 1.16103 -0.388186 0.349806 0.230707 -0.187632 0.0678687 0.756319 0.786523
66 0.367342 185 7 2 7 2 4 2 1.16029 -0.387339 0.351691 0.228454 -0.187175 0.0690693 0.755911 0.785707
67 0.374018 185 7 2 7 2 4 2 1.15401 -0.388861 0.35018 0.226824 -0.18671 0.0702683 0.756727 0.785707
68 0.380701 185 7 2 6 2 4 2 1.15634 -0.390203 0.353636 0.224534 -0.186236 0.0714656 0.756319 0.786115
69 0.387392 185 6 2 6 2 4 2 1.15306 -0.387442 0.354343 0.222189 -0.185754 0.0726612 0.756727 0.786115
70 0.394091 185 6 2 7 2 4 2 1.15296 -0.389178 0.35619 0.220288 -0.185264 0.0738551 0.756319 0.786115
71 0.400797 185 7 2 7 2 4 2 1.15289 -0.386408 0.357717 0.218729 -0.184764 0.0750472 0.756727 0.785707
72 0.407511 185 7 2 7 2 4 2 1.15055 -0.387604 0.357933 0.217344 -0.184256 0.0762373 0.755911 0.785707
73 0.414232 185 7 2 7 2 4 2 1.15129 -0.386537 0.359708 0.215938 -0.18374 0.0774254 0.756319 0.786523
74 0.42096 185 7 2 8 2 4 2 1.14975 -0.386399 0.360313 0.214562 -0.183215 0.0786114 0.756319 0.786523
75 0.427694 185 7 2 7 2 4 2 1.15406 -0.38771 0.36414 0.212888 -0.182682 0.0797951 0.756319 0.785707
76 0.434435 185 7 2 7 2 4 2 1.14872 -0.385577 0.362447 0.211914 -0.18214 0.0809765 0.755503 0.786115
77 0.441183 185 7 2 7 2 4 2 1.15372 -0.385462 0.366378 0.210483 -0.181589 0.0821555 0.755503 0.786523
78 0.447936 185 6 2 6 2 4 2 1.15387 -0.38038 0.368063 0.208871 -0.181031 0.0833319 0.754687 0.785707
79 0.454696 185 7 2 7 2 4 2 1.15104 -0.384211 0.367837 0.207683 -0.180463 0.0845057 0.755503 0.784482
80 0.461462 185 7 2 7 2 4 2 1.15534 -0.385381 0.371059 0.206609 -0.179888 0.0856769 0.755911 0.784482
81 0.468233 185 7 2 7 2 4 2 1.15481 -0.381105 0.372155 0.205248 -0.179303 0.0868453 0.755503 0.784074
82 0.475011 185 7 2 7 2 4 2 1.15711 -0.383369 0.374407 0.204146 -0.178711 0.088011 0.755095 0.782441
83 0.481795 185 8 2 8 2 4 2 1.14799 -0.382611 0.370963 0.203031 -0.17811 0.0891737 0.755911 0.783666
84 0.488584 185 7 2 7 2 4 2 1.16122 -0.379348 0.378991 0.20162 -0.177501 0.0903336 0.755911 0.784482
85 0.49538 185 7 2 7 2 4 2 1.16076 -0.381612 0.379805 0.200573 -0.176883 0.0914905 0.755911 0.784482
86 0.502182 185 7 2 7 2 4 2 1.15976 -0.383379 0.380864 0.199015 -0.176257 0.0926443 0.755095 0.785707
87 0.508989 185 7 2 7 2 4 2 1.15499 -0.377811 0.379913 0.197584 -0.175622 0.0937949 0.755095 0.786523
88 0.515802 185 7 2 6 2 4 2 1.15346 -0.381368 0.380332 0.196397 -0.174979 0.0949424 0.755503 0.786115
89 0.52262 185 7 2 7 2 4 2 1.1582 -0.385194 0.383979 0.195119 -0.174328 0.0960865 0.756319 0.785707
90 0.529444 185 7 2 7 2 4 2 1.1584 -0.382812 0.385152 0.194049 -0.173668 0.0972272 0.756319 0.786523
91 0.536273 185 7 2 7 2 4 2 1.1574 -0.381459 0.385489 0.193209 -0.173 0.0983644 0.755911 0.785298
92 0.543107 185 7 2 7 2 4 2 1.15809 -0.380131 0.38681 0.192234 -0.172324 0.0994981 0.756727 0.785707
93 0.549947 185 7 2 6 2 4 2 1.16354 -0.383099 0.391265 0.190504 -0.17164 0.100628 0.757135 0.786115
94 0.556791 185 6 2 7 2 4 2 1.16415 -0.381027 0.39316 0.188916 -0.170947 0.101755 0.756319 0.786115
95 0.563641 185 8 2 8 2 4 2 1.16644 -0.376999 0.395006 0.188214 -0.170246 0.102877 0.755911 0.785707
96 0.570497 185 7 2 7 2 4 2 1.16775 -0.376426 0.396268 0.187606 -0.169537 0.103996 0.756319 0.786523
97 0.577358 185 7 2 7 2 4 2 1.1716 -0.375104 0.398856 0.186945 -0.16882 0.105112 0.756319 0.786115
98 0.584224 185 7 2 7 2 4 2 1.17523 -0.376054 0.401613 0.186002 -0.168094 0.106223 0.755911 0.786115
99 0.591096 185 7 2 7 2 4 2 1.17442 -0.371254 0.401749 0.185463 -0.167361 0.10733 0.755503 0.786523
100 0.597973 185 7 2 7 2 4 2 1.1817 -0.369069 0.406441 0.184408 -0.166619 0.108434 0.754687 0.785707
101 0.604855 185 8 2 8 2 4 2 1.18047 -0.372731 0.406354 0.183878 -0.165869 0.109533 0.755503 0.78489
102 0.611742 185 7 2 7 2 4 2 1.18389 -0.3645 0.408735 0.183208 -0.165111 0.110628 0.755503 0.784074
103 0.618633 185 7 2 7 2 4 2 1.18773 -0.371124 0.411305 0.182561 -0.164344 0.111718 0.754687 0.782441
104 0.625529 185 7 2 7 2 4 2 1.1813 -0.371449 0.408552 0.182098 -0.16357 0.112805 0.755503 0.784074
105 0.632429 185 7 2 8 2 4 2 1.19724 -0.363871 0.417203 0.181416 -0.162788 0.113886 0.755095 0.78489
106 0.639334 185 7 2 7 2 4 2 1.19579 -0.368502 0.417379 0.180517 -0.161998 0.114964 0.755095 0.785707
107 0.646243 185 7 2 7 2 4 2 1.19585 -0.364864 0.418567 0.179358 -0.1612 0.116036 0.755503 0.786523
108 0.653156 185 7 2 7 2 4 2 1.19454 -0.367905 0.418806 0.178464 -0.160394 0.117104 0.755503 0.786115
109 0.660075 185 7 2 7 2 4 2 1.19631 -0.368871 0.420629 0.177525 -0.15958 0.118168 0.756319 0.786523
110 0.666997 185 7 2 7 2 4 2 1.19839 -0.368424 0.4221 0.177094 -0.158759 0.119226 0.755911 0.785298
111 0.673925 185 7 2 7 2 4 2 1.19987 -0.365566 0.423676 0.176259 -0.157929 0.12028 0.756319 0.786115
112 0.680857 185 7 2 6 2 4 2 1.20438 -0.364975 0.427767 0.174424 -0.157092 0.121329 0.756727 0.786115
113 0.687794 185 8 2 8 2 4 2 1.20472 -0.365069 0.428503 0.173859 -0.156246 0.122373 0.756727 0.785707
114 0.694735 185 7 2 7 2 4 2 1.20935 -0.358654 0.431189 0.173487 -0.155393 0.123412 0.756319 0.786115
115 0.701681 185 7 2 7 2 4 2 1.21498 -0.356582 0.434367 0.173122 -0.154533 0.124447 0.756319 0.786115
116 0.708631 185 7 2 8 2 4 2 1.21733 -0.359104 0.436118 0.172549 -0.153664 0.125476 0.755911 0.786115
117 0.715586 185 7 2 7 2 4 2 1.21922 -0.353039 0.437441 0.17217 -0.152788 0.126499 0.755095 0.786115
118 0.722544 185 7 2 7 2 4 2 1.22593 -0.349381 0.441503 0.171462 -0.151904 0.127518 0.755503 0.784482
119 0.729506 185 7 2 7 2 4 2 1.22577 -0.353041 0.441456 0.171429 -0.151013 0.128531 0.755911 0.784074
120 0.736473 185 7 2 8 2 4 2 1.23197 -0.346307 0.445018 0.170967 -0.150114 0.129539 0.755095 0.782441
121 0.743443 185 7 2 7 2 4 2 1.22839 -0.35289 0.44351 0.170687 -0.149207 0.130541 0.755503 0.784482
122 0.750417 185 7 2 7 2 4 2 1.24244 -0.345046 0.450991 0.170231 -0.148294 0.131538 0.755911 0.784482
123 0.757395 185 7 2 7 2 4 2 1.23996 -0.353066 0.450736 0.169243 -0.147372 0.132529 0.754687 0.786115
124 0.764377 185 7 2 8 2 4 2 1.23829 -0.340087 0.450475 0.168671 -0.146443 0.133514 0.755503 0.786115
125 0.771364 185 7 2 7 2 4 2 1.24059 -0.353848 0.452598 0.167699 -0.145507 0.134494 0.756319 0.785707
126 0.778354 185 7 2 7 2 4 2 1.24276 -0.348942 0.454058 0.167322 -0.144564 0.135468 0.755911 0.786115
127 0.785349 185 7 2 7 2 4 2 1.24221 -0.347287 0.454469 0.166637 -0.143613 0.136436 0.756319 0.786115
128 0.792347 185 7 2 7 2 4 2 1.24393 -0.34559 0.456828 0.165135 -0.142655 0.137399 0.757135 0.786115
129 0.799349 185 7 2 7 2 4 2 1.24977 -0.341183 0.460067 0.164818 -0.141689 0.138355 0.755911 0.785707
130 0.806354 185 7 2 7 2 4 2 1.25418 -0.336981 0.462402 0.16469 -0.140716 0.139305 0.756319 0.786523
131 0.813364 185 7 2 7 2 4 2 1.25779 -0.335234 0.464311 0.164584 -0.139737 0.14025 0.756319 0.786115
132 0.820377 185 8 2 8 2 4 2 1.26378 -0.333487 0.467433 0.164454 -0.13875 0.141188 0.755503 0.786523
133 0.827394 185 7 2 8 2 4 2 1.26843 -0.32816 0.470626 0.163587 -0.137756 0.14212 0.755095 0.78489
134 0.834414 185 7 2 8 2 4 2 1.26804 -0.332033 0.470328 0.16369 -0.136755 0.143046 0.755911 0.784482
135 0.841438 185 7 2 7 2 4 2 1.2756 -0.324865 0.474481 0.163318 -0.135747 0.143965 0.754278 0.782441
136 0.848466 185 7 2 7 2 4 2 1.26778 -0.326143 0.470595 0.163293 -0.134732 0.144878 0.755503 0.784074
137 0.855498 185 7 2 7 2 4 2 1.2851 -0.325163 0.479494 0.163054 -0.13371 0.145785 0.755503 0.784482
138 0.862533 185 8 2 7 2 4 2 1.28295 -0.331758 0.479328 0.162149 -0.132681 0.146685 0.755503 0.786523
139 0.869572 185 7 2 7 2 4 2 1.2803 -0.318166 0.478402 0.161746 -0.131646 0.147579 0.756319 0.785707
140 0.876614 185 8 2 8 2 4 2 1.2848 -0.328379 0.481364 0.161034 -0.130603 0.148466 0.756319 0.786523
141 0.88366 185 8 2 7 2 4 2 1.28452 -0.327589 0.481628 0.160631 -0.129554 0.149347 0.756727 0.785707
142 0.890709 185 7 2 7 2 4 2 1.28468 -0.31959 0.483242 0.159098 -0.128498 0.150221 0.756727 0.786115
143 0.897761 185 8 2 8 2 4 2 1.29026 -0.319833 0.486017 0.159116 -0.127436 0.151088 0.755911 0.785707
144 0.904817 185 7 2 7 2 4 2 1.29525 -0.314709 0.488582 0.159041 -0.126367 0.151948 0.756319 0.786523
145 0.911876 185 8 2 8 2 4 2 1.29906 -0.312349 0.490511 0.159017 -0.125291 0.152801 0.755911 0.786115
146 0.918939 185 7 2 7 2 4 2 1.30265 -0.307982 0.492521 0.158804 -0.124209 0.153648 0.755095 0.786115
147 0.926004 185 7 2 7 2 4 2 1.3101 -0.302012 0.496763 0.158287 -0.12312 0.154487 0.755911 0.784482
148 0.933074 185 7 2 8 2 4 2 1.30997 -0.309873 0.496648 0.158339 -0.122025 0.15532 0.755503 0.784482
149 0.940146 185 8 2 8 2 4 2 1.31364 -0.296481 0.498635 0.158186 -0.120924 0.156145 0.755911 0.783666
150 0.947222 185 8 2 8 2 4 2 1.31536 -0.299208 0.499877 0.157803 -0.119816 0.156963 0.755503 0.784482
151 0.954302 185 8 2 7 2 4 2 1.32033 -0.309646 0.502549 0.157618 -0.118702 0.157775 0.754687 0.786115
152 0.961384 185 8 2 8 2 4 2 1.31919 -0.29415 0.502284 0.157312 -0.117581 0.158579 0.755911 0.786115
153 0.96847 185 7 2 7 2 4 2 1.32078 -0.307862 0.503903 0.156489 -0.116455 0.159375 0.756319 0.786523
154 0.975559 185 7 2 7 2 4 2 1.31998 -0.301614 0.503745 0.156243 -0.115322 0.160164 0.756727 0.785707
155 0.982651 185 7 2 7 2 4 2 1.32149 -0.297848 0.505927 0.15482 -0.114184 0.160946 0.756727 0.786115
156 0.989746 185 7 2 7 2 4 2 1.3277 -0.294951 0.508937 0.154915 -0.113039 0.161721 0.755911 0.785707
157 0.996844 185 8 2 7 2 4 2 1.3292 -0.288907 0.50971 0.154892 -0.111888 0.162488 0.756319 0.786523
158 1.00395 185 7 2 7 2 4 2 1.33461 -0.287151 0.512334 0.154972 -0.110732 0.163247 0.755503 0.786115
159 1.01105 185 7 2 7 2 4 2 1.33881 -0.282866 0.51451 0.154894 -0.109569 0.163999 0.754687 0.785707
160 1.01816 185 8 2 8 2 4 2 1.3436 -0.275765 0.517184 0.154616 -0.108401 0.164743 0.755911 0.784482
161 1.02527 185 7 2 8 2 4 2 1.34523 -0.274971 0.518135 0.15448 -0.107227 0.16548 0.755095 0.782441
162 1.03238 185 7 2 7 2 5 2 1.34354 -0.277428 0.517208 0.154564 -0.106047 0.166209 0.755911 0.784482
163 1.0395 185 7 2 8 2 4 2 1.35595 -0.274778 0.523533 0.154442 -0.104862 0.16693 0.755095 0.785707
164 1.04662 185 7 2 8 2 4 2 1.35198 -0.274554 0.522065 0.153924 -0.103671 0.167643 0.755503 0.786115
165 1.05374 185 7 2 7 2 4 2 1.35262 -0.281527 0.52294 0.153372 -0.102474 0.168348 0.756319 0.786523
166 1.06087 185 7 2 7 2 4 2 1.35247 -0.277668 0.523091 0.153146 -0.101272 0.169046 0.755911 0.785707
167 1.068 185 7 2 7 2 4 2 1.35076 -0.273198 0.523281 0.152097 -0.100064 0.169735 0.756727 0.786115
168 1.07513 185 7 2 7 2 4 2 1.35882 -0.272064 0.527533 0.151877 -0.0988514 0.170417 0.755911 0.785707
169 1.08226 185 8 2 8 2 4 2 1.36107 -0.259376 0.52872 0.151812 -0.0976331 0.17109 0.756319 0.786523
170 1.0894 185 8 2 9 2 4 2 1.36319 -0.261436 0.529677 0.151916 -0.0964095 0.171755 0.755503 0.786115
171 1.09654 185 7 2 7 2 4 2 1.36811 -0.254858 0.532237 0.151819 -0.0951807 0.172413 0.754687 0.785707
172 1.10369 185 7 2 7 2 4 2 1.37209 -0.24874 0.534367 0.151676 -0.0939467 0.173062 0.755911 0.784482
173 1.11083 185 7 2 8 2 4 2 1.3739 -0.245804 0.535441 0.151508 -0.0927075 0.173702 0.755095 0.782441
174 1.11798 185 7 2 9 2 4 2 1.37272 -0.251199 0.534762 0.1516 -0.0914633 0.174335 0.755095 0.78489
175 1.12514 185 8 2 7 2 4 2 1.38502 -0.24399 0.540792 0.151718 -0.0902141 0.174959 0.754687 0.786115
176 1.13229 185 7 2 8 2 4 2 1.37838 -0.245094 0.537788 0.151403 -0.08896 0.175575 0.755503 0.786115
177 1.13945 185 7 2 7 2 4 2 1.37963 -0.254534 0.539083 0.150734 -0.0877011 0.176183 0.756319 0.786523
178 1.14661 185 7 2 7 2 4 2 1.37819 -0.249144 0.538512 0.150583 -0.0864374 0.176782 0.756319 0.786115
179 1.15377 185 7 2 7 2 4 2 1.38108 -0.246988 0.541035 0.149508 -0.0851689 0.177372 0.756319 0.786115
180 1.16094 185 7 2 7 2 4 2 1.38533 -0.236815 0.54324 0.149424 -0.0838957 0.177954 0.756319 0.786523
181 1.16811 185 7 2 7 2 4 2 1.387 -0.231699 0.543859 0.149643 -0.0826179 0.178528 0.756319 0.786115
182 1.17528 185 7 2 8 2 4 2 1.38969 -0.226064 0.545246 0.149598 -0.0813354 0.179092 0.755095 0.786115
183 1.18246 185 7 2 8 2 4 2 1.39992 -0.220444 0.550769 0.149193 -0.0800485 0.179649 0.755095 0.78489
184 1.18963 185 7 2 8 2 4 2 1.39564 -0.219218 0.548342 0.149478 -0.078757 0.180196 0.755095 0.782849
185 1.19681 185 7 2 7 2 5 2 1.39421 -0.223248 0.547533 0.149574 -0.0774611 0.180735 0.755911 0.784482
186 1.204 185 7 2 8 2 4 2 1.40706 -0.219199 0.553896 0.149636 -0.076161 0.181265 0.754687 0.785707
187 1.21118 185 7 2 7 2 4 2 1.40191 -0.220442 0.551739 0.149218 -0.0748565 0.181786 0.755911 0.786115
188 1.21837 185 7 2 7 2 4 2 1.40109 -0.225305 0.551741 0.148804 -0.073548 0.182299 0.756319 0.786523
189 1.22556 185 7 2 7 2 4 2 1.39971 -0.220925 0.551171 0.148682 -0.0722352 0.182803 0.756319 0.786115
190 1.23276 185 7 2 7 2 4 2 1.40222 -0.215844 0.553438 0.14767 -0.0709185 0.183297 0.756319 0.786115
191 1.23995 185 8 2 7 2 4 2 1.40545 -0.209694 0.555158 0.147566 -0.0695976 0.183783 0.756319 0.786523
192 1.24715 185 7 2 7 2 4 2 1.40809 -0.202668 0.556241 0.147804 -0.0682729 0.18426 0.756319 0.786115
193 1.25435 185 7 2 8 2 4 2 1.41218 -0.198797 0.558309 0.147779 -0.0669442 0.184728 0.754687 0.786115
194 1.26156 185 7 2 7 2 4 2 1.41633 -0.188623 0.560767 0.147398 -0.0656116 0.185186 0.755911 0.784482
195 1.26876 185 7 2 8 2 4 2 1.41662 -0.188203 0.560645 0.147667 -0.0642753 0.185636 0.754278 0.782441
196 1.27597 185 7 2 8 2 4 2 1.41444 -0.194948 0.55934 0.147882 -0.0629352 0.186077 0.755503 0.784482
197 1.28319 185 7 2 7 2 4 2 1.42528 -0.18937 0.564774 0.147865 -0.0615916 0.186508 0.754687 0.786115
198 1.2904 185 7 2 8 2 4 2 1.42066 -0.186541 0.562576 0.147753 -0.0602445 0.18693 0.756319 0.786115
199 1.29762 185 7 2 8 2 4 2 1.4204 -0.19632 0.563239 0.146961 -0.0588939 0.187343 0.756319 0.786115
200 1.30484 185 7 2 7 2 4 2 1.41725 -0.189333 0.561634 0.146993 -0.0575399 0.187747 0.756727 0.786115
201 1.31206 185 7 2 7 2 4 2 1.42131 -0.187142 0.564324 0.146329 -0.0561826 0.188142 0.756727 0.785707
202 1.31929 185 8 2 8 2 4 2 1.42235 -0.1743 0.565041 0.146134 -0.0548219 0.188527 0.756319 0.786523
203 1.32651 185 7 2 7 2 4 2 1.42677 -0.172929 0.567101 0.146282 -0.0534579 0.188903 0.755503 0.786115
204 1.33374 185 7 2 7 2 4 2 1.42707 -0.166318 0.567362 0.146173 -0.0520907 0.189269 0.755095 0.78489
205 1.34098 185 7 2 8 2 4 2 1.42887 -0.161766 0.568047 0.146387 -0.0507204 0.189627 0.755503 0.784074
206 1.34821 185 7 2 7 2 4 2 1.43493 -0.152789 0.571233 0.146234 -0.0493471 0.189975 0.755503 0.784482
207 1.35545 185 8 2 8 2 4 2 1.43492 -0.157979 0.571194 0.146264 -0.0479709 0.190313 0.755095 0.78489
208 1.36269 185 7 2 7 2 4 2 1.43393 -0.166905 0.570769 0.146198 -0.0465918 0.190642 0.755503 0.786523
209 1.36993 185 7 2 7 2 4 2 1.43285 -0.151127 0.570467 0.14596 -0.04521 0.190961 0.756319 0.786523
210 1.37718 185 7 2 8 2 4 2 1.4321 -0.162796 0.570161 0.145892 -0.0438254 0.191271 0.756727 0.785707
211 1.38442 185 7 2 7 2 4 2 1.43092 -0.156095 0.570756 0.144704 -0.0424381 0.191571 0.756319 0.786115
212 1.39167 185 8 2 8 2 4 2 1.4349 -0.147 0.57258 0.144871 -0.0410482 0.191862 0.756319 0.786115
213 1.39893 185 7 2 8 2 4 2 1.43716 -0.141078 0.573548 0.14503 -0.0396557 0.192143 0.755911 0.786115
214 1.40618 185 8 2 8 2 4 2 1.43768 -0.136543 0.573695 0.145146 -0.0382607 0.192415 0.754687 0.786115
215 1.41344 185 7 2 7 2 4 2 1.44371 -0.12715 0.576963 0.144895 -0.0368633 0.192677 0.755911 0.784482
216 1.4207 185 8 2 8 2 4 2 1.44322 -0.12579 0.576868 0.144743 -0.0354635 0.192929 0.755095 0.783258
217 1.42796 185 8 2 9 2 4 2 1.44105 -0.134315 0.575495 0.145031 -0.0340615 0.193171 0.755503 0.784482
218 1.43523 185 8 2 7 2 4 2 1.44904 -0.129239 0.579539 0.14498 -0.0326573 0.193404 0.755503 0.786523
219 1.44249 185 8 2 9 2 4 2 1.44266 -0.120866 0.576531 0.1448 -0.0312511 0.193627 0.756319 0.785707
220 1.44976 185 8 2 8 2 4 2 1.4446 -0.133147 0.57772 0.144581 -0.0298428 0.193841 0.755911 0.785707
221 1.45703 185 7 2 7 2 4 2 1.43719 -0.12531 0.574511 0.144085 -0.0284325 0.194044 0.756727 0.786115
222 1.46431 185 7 2 7 2 4 2 1.44397 -0.118297 0.577977 0.144009 -0.0270203 0.194238 0.755911 0.785707
223 1.47158 185 7 2 7 2 4 2 1.44732 -0.10971 0.579787 0.143875 -0.0256062 0.194422 0.756319 0.785707
224 1.47886 185 8 2 8 2 4 2 1.44271 -0.103354 0.577045 0.14431 -0.0241903 0.194596 0.755095 0.786115
225 1.48615 185 8 2 8 2 4 2 1.45194 -0.0945371 0.582043 0.143928 -0.0227727 0.19476 0.755911 0.784482
226 1.49343 185 7 2 8 2 4 2 1.44876 -0.0922802 0.580383 0.143998 -0.0213534 0.194915 0.755095 0.782441
227 1.50072 185 7 2 7 2 5 2 1.4481 -0.0993917 0.580062 0.143991 -0.0199326 0.195059 0.755095 0.78489
228 1.508 185 8 2 8 2 4 2 1.45536 -0.0927702 0.583507 0.144171 -0.0185104 0.195194 0.755095 0.786523
229 1.5153 185 7 2 8 2 4 2 1.45356 -0.0915392 0.582712 0.144069 -0.0170868 0.195319 0.756319 0.786115
230 1.52259 185 8 2 8 2 4 2 1.45092 -0.0993598 0.58177 0.143689 -0.0156619 0.195433 0.755911 0.785707
231 1.52988 185 8 2 8 2 4 2 1.44622 -0.0914768 0.57979 0.143322 -0.0142357 0.195538 0.756727 0.786115
232 1.53718 185 8 2 8 2 4 2 1.44879 -0.0888977 0.581365 0.143031 -0.0128082 0.195633 0.755911 0.785707
233 1.54448 185 7 2 7 2 4 2 1.45287 -0.0762616 0.583535 0.142903 -0.0113796 0.195718 0.756319 0.785707
234 1.55179 185 7 2 8 2 4 2 1.44909 -0.0693362 0.581215 0.143332 -0.0099499 0.195793 0.755095 0.786115
235 1.55909 185 7 2 7 2 4 2 1.45676 -0.0634569 0.585435 0.142945 -0.0085192 0.195857 0.755095 0.784482
236 1.5664 185 8 2 8 2 4 2 1.45247 -0.0626169 0.583134 0.143099 -0.00708764 0.195912 0.754687 0.782441
237 1.57371 185 8 2 8 2 5 2 1.45244 -0.065933 0.583152 0.143068 -0.00565529 0.195957 0.755095 0.78489
238 1.58102 185 7 2 7 2 4 2 1.46076 -0.0578729 0.587145 0.143234 -0.00422221 0.195992 0.755095 0.786523
239 1.58834 185 8 2 8 2 4 2 1.45561 -0.0588682 0.584685 0.143118 -0.00278848 0.196016 0.756319 0.785707
240 1.59566 185 7 2 8 2 4 2 1.4538 -0.0689111 0.58412 0.142781 -0.00135412 0.196031 0.755911 0.785707
241 1.60298 185 7 2 7 2 4 2 1.45069 -0.0567437 0.582934 0.142411 8.07974e-05 0.196035 0.756727 0.786115
242 1.6103 185 7 2 7 2 4 2 1.4514 -0.054263 0.583575 0.142127 0.0015162 0.19603 0.755911 0.785707
243 1.61762 185 7 2 7 2 4 2 1.45539 -0.0426398 0.585708 0.141987 0.00295206 0.196014 0.756319 0.785707
244 1.62495 185 7 2 7 2 4 2 1.45256 -0.0364981 0.583863 0.142415 0.00438826 0.195988 0.755095 0.786115
245 1.63228 185 7 2 8 2 4 2 1.45963 -0.0295071 0.587769 0.142046 0.00582467 0.195952 0.755911 0.784482
246 1.63961 185 7 2 8 2 4 2 1.45495 -0.0263889 0.58538 0.142093 0.00726121 0.195906 0.755095 0.782441
247 1.64695 185 7 2 7 2 5 2 1.45517 -0.030942 0.585477 0.142108 0.00869781 0.19585 0.755503 0.78489
248 1.65428 185 7 2 8 2 4 2 1.46201 -0.0233838 0.588831 0.142174 0.0101344 0.195784 0.755503 0.786523
249 1.66162 185 7 2 8 2 4 2 1.4572 -0.0248734 0.586552 0.142048 0.0115709 0.195707 0.756319 0.785707
250 1.66896 185 8 2 7 2 4 2 1.45453 -0.0335176 0.585421 0.141843 0.0130073 0.19562 0.755911 0.785707
251 1.67631 185 7 2 7 2 4 2 1.44898 -0.0232813 0.583031 0.141457 0.0144435 0.195524 0.756727 0.786115
252 1.68365 185 8 2 8 2 4 2 1.45553 -0.0185812 0.58642 0.141347 0.0158794 0.195417 0.755911 0.785298
253 1.691 185 7 2 7 2 4 2 1.45356 -0.00811969 0.585572 0.141209 0.0173151 0.195299 0.756319 0.785707
254 1.69835 185 8 2 8 2 4 2 1.45447 -0.00192756 0.585657 0.141577 0.0187504 0.195172 0.754687 0.786115
255 1.70571 185 7 2 7 2 4 2 1.45847 0.0056699 0.58803 0.141205 0.0201851 0.195034 0.755911 0.784482
256 1.71306 185 8 2 8 2 4 2 1.45424 0.00915522 0.585906 0.141216 0.0216192 0.194887 0.755095 0.782849
257 1.72042 185 7 2 9 2 5 2 1.45596 0.00308107 0.586622 0.141358 0.0230526 0.194729 0.755503 0.784482
258 1.72778 185 7 2 7 2 4 2 1.45974 0.00194157 0.588586 0.141284 0.0244852 0.194561 0.755503 0.786523
259 1.73514 185 8 2 8 2 4 2 1.45375 0.0162897 0.585736 0.141141 0.0259171 0.194382 0.756319 0.785707
260 1.74251 185 8 2 8 2 4 2 1.45626 0.00367816 0.58714 0.140991 0.0273481 0.194194 0.755911 0.785707
261 1.74988 185 7 2 7 2 4 2 1.44957 0.0105422 0.584151 0.140635 0.0287781 0.193995 0.757135 0.786115
262 1.75725 185 6 2 7 2 4 2 1.45203 0.0180361 0.585596 0.140417 0.0302071 0.193787 0.755911 0.785298
263 1.76462 185 7 2 7 2 4 2 1.4529 0.0282141 0.586115 0.140335 0.0316351 0.193567 0.756319 0.785707
264 1.77199 185 8 2 8 2 4 2 1.45097 0.031254 0.584769 0.140718 0.0330619 0.193338 0.754687 0.786115
265 1.77937 185 7 2 8 2 4 2 1.45483 0.0426772 0.587053 0.140361 0.0344874 0.193099 0.755911 0.784482
266 1.78675 185 7 2 8 2 4 2 1.45267 0.0424954 0.585965 0.140372 0.0359116 0.192849 0.755095 0.782849
267 1.79413 185 7 2 7 2 5 2 1.45296 0.037436 0.585972 0.140508 0.0373343 0.19259 0.755503 0.784482
268 1.80152 185 8 2 8 2 4 2 1.45604 0.0413049 0.587588 0.140432 0.0387555 0.19232 0.755503 0.786523
269 1.80891 185 7 2 7 2 4 2 1.45218 0.0499866 0.585793 0.140299 0.0401752 0.19204 0.756319 0.785707
270 1.8163 185 7 2 8 2 4 2 1.45229 0.036813 0.58599 0.140154 0.0415932 0.191749 0.755911 0.785707
271 1.82369 185 7 2 7 2 4 2 1.44494 0.0481927 0.582612 0.139857 0.0430096 0.191449 0.756727 0.786115
272 1.83108 185 8 2 7 2 4 2 1.44982 0.0543225 0.585195 0.139713 0.0444242 0.191138 0.755911 0.785298
273 1.83848 185 7 2 7 2 4 2 1.44876 0.0607394 0.584821 0.139557 0.0458369 0.190818 0.756319 0.785707
274 1.84588 185 7 2 8 2 4 2 1.44667 0.067523 0.583436 0.139899 0.0472477 0.190487 0.754687 0.786115
275 1.85328 185 7 2 7 2 4 2 1.45186 0.0752249 0.586409 0.139522 0.0486565 0.190146 0.755911 0.784482
276 1.86069 185 7 2 8 2 4 2 1.44722 0.0795643 0.584056 0.139555 0.0500632 0.189794 0.754687 0.782441
277 1.8681 185 7 2 8 2 5 2 1.44694 0.0730397 0.583933 0.139537 0.0514678 0.189433 0.755095 0.78489
278 1.8755 185 7 2 7 2 4 2 1.45491 0.0831597 0.587724 0.139733 0.05287 0.189062 0.755095 0.786523
279 1.88292 185 7 2 8 2 4 2 1.44486 0.0800115 0.582789 0.13964 0.05427 0.18868 0.756319 0.786523
280 1.89033 185 8 2 8 2 4 2 1.44739 0.0744597 0.584451 0.139242 0.0556675 0.188289 0.755911 0.785707
281 1.89775 185 7 2 7 2 4 2 1.44152 0.084022 0.58151 0.13925 0.0570627 0.187887 0.756727 0.786115
282 1.90517 185 7 2 7 2 4 2 1.4444 0.0850152 0.583382 0.138816 0.0584553 0.187475 0.755911 0.785707
283 1.91259 185 8 2 8 2 4 2 1.44205 0.0971029 0.582436 0.138589 0.0598453 0.187053 0.756319 0.785707
284 1.92002 185 7 2 7 2 4 2 1.44142 0.0999451 0.581891 0.138818 0.0612326 0.186622 0.755503 0.786523
285 1.92744 185 7 2 7 2 4 2 1.44447 0.112536 0.583644 0.138589 0.0626171 0.18618 0.755503 0.784482
286 1.93487 185 7 2 8 2 4 2 1.44187 0.103604 0.582164 0.13877 0.0639989 0.185728 0.755503 0.783258
287 1.94231 185 7 2 7 2 4 2 1.4426 0.112905 0.582663 0.138637 0.0653776 0.185266 0.755911 0.784482
288 1.94974 185 8 2 8 2 4 2 1.44648 0.115357 0.584567 0.138674 0.0667533 0.184794 0.754687 0.785707
289 1.95718 185 8 2 8 2 4 2 1.44076 0.115509 0.581896 0.138483 0.068126 0.184312 0.755911 0.786115
290 1.96462 185 7 2 8 2 4 2 1.43766 0.110918 0.580552 0.138278 0.0694956 0.18382 0.756319 0.786523
291 1.97206 185 7 2 7 2 4 2 1.43433 0.118338 0.578711 0.138456 0.070862 0.183318 0.756319 0.786115
292 1.97951 185 7 2 7 2 4 2 1.43541 0.12068 0.579848 0.137859 0.0722251 0.182806 0.756319 0.786115
293 1.98696 185 8 2 8 2 4 2 1.43519 0.132397 0.579909 0.137685 0.0735848 0.182285 0.756319 0.786523
294 1.99441 185 8 2 8 2 4 2 1.43342 0.134172 0.578926 0.137784 0.0749412 0.181753 0.755911 0.786115
295 2.00187 185 7 2 7 2 4 2 1.43544 0.139408 0.580064 0.137656 0.0762939 0.181211 0.755095 0.785707
296 2.00932 185 7 2 8 2 4 2 1.43785 0.145789 0.581288 0.137638 0.0776431 0.18066 0.755503 0.784074
297 2.01678 185 8 2 8 2 4 2 1.43286 0.151401 0.578856 0.137576 0.0789886 0.180099 0.755911 0.783666
298 2.02424 185 8 2 8 2 4 2 1.43294 0.151174 0.578877 0.137594 0.0803304 0.179528 0.755503 0.784482
299 2.03171 185 7 2 7 2 4 2 1.43295 0.142693 0.578878 0.137598 0.0816683 0.178947 0.755503 0.786523
300 2.03918 185 8 2 8 2 4 2 1.42935 0.157193 0.577124 0.137553 0.0830024 0.178356 0.756319 0.785707
301 2.04665 185 7 2 8 2 4 2 1.43094 0.14676 0.577987 0.137482 0.0843325 0.177756 0.755911 0.785707
302 2.05412 185 7 2 7 2 4 2 1.4257 0.155936 0.575357 0.137492 0.0856586 0.177145 0.756727 0.786115
303 2.06159 185 7 2 7 2 4 2 1.42793 0.156273 0.576912 0.137051 0.0869806 0.176525 0.755911 0.785707
304 2.06907 185 7 2 7 2 4 2 1.42613 0.170006 0.576243 0.136823 0.0882985 0.175896 0.756319 0.786115
305 2.07655 185 8 2 8 2 4 2 1.42391 0.171533 0.575025 0.136931 0.089612 0.175256 0.755095 0.786523
306 2.08404 185 7 2 8 2 4 2 1.42504 0.182977 0.575679 0.136843 0.0909212 0.174607 0.755503 0.784482
307 2.09153 185 8 2 8 2 4 2 1.42571 0.174013 0.575826 0.137029 0.0922261 0.173949 0.755503 0.784482
308 2.09901 185 7 2 7 2 4 2 1.42795 0.188568 0.577106 0.13687 0.0935264 0.17328 0.755503 0.784482
309 2.10651 185 7 2 8 2 4 2 1.42551 0.184565 0.576031 0.136723 0.0948221 0.172602 0.755503 0.784482
310 2.114 185 7 2 8 2 4 2 1.42211 0.178585 0.574428 0.136628 0.0961133 0.171915 0.755095 0.786523
311 2.1215 185 7 2 7 2 4 2 1.41866 0.194022 0.57266 0.136672 0.0973997 0.171218 0.756319 0.786115
312 2.129 185 7 2 8 2 4 2 1.42022 0.1827 0.573476 0.136634 0.0986814 0.170511 0.755911 0.785707
313 2.13651 185 7 2 8 2 4 2 1.41477 0.192416 0.570923 0.13646 0.0999583 0.169795 0.756727 0.786115
314 2.14401 185 6 2 6 2 4 2 1.41853 0.194275 0.573128 0.136139 0.10123 0.16907 0.755911 0.785707
315 2.15152 185 8 2 8 2 4 2 1.41578 0.20195 0.571948 0.135941 0.102497 0.168335 0.756319 0.786523
316 2.15904 185 8 2 8 2 4 2 1.41358 0.205682 0.570718 0.136074 0.103759 0.16759 0.755503 0.786523
317 2.16655 185 7 2 7 2 4 2 1.41248 0.219007 0.570282 0.135961 0.105016 0.166837 0.755095 0.785707
318 2.17407 185 7 2 8 2 4 2 1.41695 0.218146 0.57245 0.136023 0.106267 0.166074 0.755503 0.784074
319 2.18159 185 8 2 8 2 4 2 1.41472 0.216387 0.571453 0.13591 0.107513 0.165301 0.755911 0.783258
320 2.18911 185 8 2 8 2 4 2 1.41186 0.212229 0.570081 0.135848 0.108754 0.16452 0.755503 0.784482
321 2.19664 185 8 2 7 2 4 2 1.41336 0.219646 0.570763 0.135916 0.10999 0.163729 0.755095 0.786115
322 2.20417 185 8 2 8 2 4 2 1.40969 0.227353 0.568984 0.135863 0.11122 0.162928 0.756319 0.785707
323 2.21171 185 7 2 7 2 4 2 1.40778 0.220037 0.568413 0.135476 0.112444 0.162119 0.756727 0.786523
324 2.21924 185 7 2 7 2 4 2 1.40484 0.223655 0.566866 0.135556 0.113663 0.1613 0.756319 0.786115
325 2.22678 185 7 2 7 2 4 2 1.40444 0.227116 0.567107 0.135113 0.114876 0.160473 0.756319 0.786115
326 2.23432 185 7 2 7 2 4 2 1.40356 0.236956 0.566815 0.134963 0.116083 0.159636 0.756319 0.786115
327 2.24187 185 7 2 7 2 4 2 1.40492 0.240132 0.567395 0.135067 0.117284 0.15879 0.756319 0.785707
328 2.24942 185 7 2 7 2 4 2 1.40181 0.242976 0.565689 0.135218 0.118479 0.157935 0.755095 0.786523
329 2.25697 185 7 2 7 2 4 2 1.40441 0.253067 0.567307 0.134899 0.119669 0.157071 0.755503 0.784482
330 2.26452 185 7 2 8 2 4 2 1.40212 0.241437 0.565918 0.135141 0.120852 0.156198 0.755911 0.784482
331 2.27208 185 7 2 7 2 4 2 1.40119 0.25729 0.565718 0.134878 0.122029 0.155316 0.755503 0.784482
332 2.27964 185 7 2 8 2 4 2 1.40013 0.25594 0.565266 0.134799 0.1232 0.154426 0.755503 0.784482
333 2.28721 185 7 2 7 2 4 2 1.39999 0.247134 0.565186 0.134808 0.124365 0.153526 0.755095 0.786523
334 2.29478 185 7 2 7 2 4 2 1.39732 0.264462 0.563837 0.134822 0.125524 0.152618 0.756319 0.785707
335 2.30235 185 7 2 7 2 4 2 1.39595 0.253921 0.563501 0.134476 0.126676 0.1517 0.756319 0.786523
336 2.30992 185 7 2 7 2 4 2 1.39043 0.258847 0.560566 0.13465 0.127821 0.150775 0.756319 0.786115
337 2.3175 185 7 2 7 2 4 2 1.39197 0.263431 0.561857 0.134129 0.12896 0.14984 0.756727 0.786115
338 2.32508 185 8 2 8 2 4 2 1.38949 0.267333 0.560788 0.133956 0.130092 0.148897 0.755911 0.785707
339 2.33266 185 7 2 7 2 4 2 1.39142 0.27342 0.561739 0.133969 0.131218 0.147945 0.756319 0.785707
340 2.34025 185 8 2 8 2 4 2 1.3879 0.27737 0.559691 0.134259 0.132337 0.146984 0.755503 0.786523
341 2.34784 185 7 2 7 2 4 2 1.38914 0.282577 0.560456 0.134113 0.133449 0.146015 0.755095 0.785707
342 2.35543 185 7 2 7 2 4 2 1.39033 0.27978 0.561123 0.134043 0.134554 0.145037 0.755911 0.784482
343 2.36303 185 7 2 8 2 4 2 1.38795 0.288227 0.559982 0.133993 0.135652 0.144051 0.754687 0.782441
344 2.37063 185 7 2 8 2 5 2 1.3826 0.282973 0.557209 0.134093 0.136743 0.143057 0.755911 0.784482
345 2.37824 185 7 2 7 2 4 2 1.39004 0.290397 0.560945 0.134076 0.137827 0.142054 0.755095 0.785707
346 2.38584 185 7 2 8 2 4 2 1.38467 0.292585 0.558569 0.133764 0.138904 0.141042 0.755095 0.786523
347 2.39345 185 7 2 7 2 4 2 1.3798 0.288103 0.55625 0.133648 0.139974 0.140023 0.756319 0.786523
348 2.40107 185 7 2 7 2 4 2 1.38107 0.288494 0.557042 0.133492 0.141036 0.138995 0.756319 0.786523
349 2.40869 185 7 2 7 2 4 2 1.37459 0.293131 0.553882 0.13341 0.142091 0.137959 0.756319 0.786115
350 2.41631 185 7 2 7 2 4 2 1.37737 0.296761 0.55569 0.132995 0.143138 0.136915 0.756727 0.786115
351 2.42393 185 7 2 7 2 4 2 1.37701 0.301477 0.555619 0.132885 0.144178 0.135862 0.755911 0.785707
352 2.43156 185 7 2 7 2 4 2 1.37475 0.305081 0.554465 0.13291 0.14521 0.134802 0.756319 0.786523
353 2.43919 185 7 2 7 2 4 2 1.37281 0.307212 0.553335 0.13307 0.146235 0.133733 0.755911 0.786115
354 2.44683 185 7 2 7 2 4 2 1.37266 0.310467 0.55327 0.133062 0.147252 0.132657 0.754687 0.786115
355 2.45447 185 7 2 8 2 4 2 1.37338 0.316195 0.553852 0.132837 0.148261 0.131572 0.755911 0.784482
356 2.46211 185 7 2 7 2 4 2 1.36993 0.310733 0.551947 0.133016 0.149263 0.13048 0.755503 0.784074
357 2.46976 185 7 2 7 2 4 2 1.37276 0.321703 0.553389 0.132993 0.150256 0.12938 0.755503 0.783258
358 2.47741 185 7 2 7 2 4 2 1.36846 0.313854 0.551387 0.132845 0.151242 0.128272 0.755911 0.784482
359 2.48506 185 7 2 8 2 4 2 1.37091 0.323734 0.552626 0.132827 0.152219 0.127156 0.755095 0.785707
360 2.49272 185 7 2 7 2 4 2 1.36533 0.321379 0.550059 0.132607 0.153189 0.126033 0.755095 0.786523
361 2.50038 185 7 2 7 2 4 2 1.36426 0.323244 0.549738 0.132393 0.15415 0.124902 0.756319 0.785707
362 2.50804 185 7 2 7 2 4 2 1.3626 0.322348 0.549111 0.13219 0.155103 0.123763 0.756319 0.786523
363 2.51571 185 7 2 7 2 4 2 1.35849 0.324656 0.546937 0.13231 0.156047 0.122617 0.756319 0.785707
364 2.52338 185 7 2 7 2 4 2 1.35789 0.329614 0.546839 0.132109 0.156983 0.121464 0.756727 0.786115
365 2.53106 185 6 2 6 2 4 2 1.3578 0.331198 0.547065 0.131833 0.157911 0.120303 0.756319 0.786115
366 2.53874 185 7 2 7 2 4 2 1.35806 0.335786 0.547213 0.131816 0.158831 0.119134 0.755911 0.785707
367 2.54642 185 7 2 7 2 4 2 1.35712 0.339018 0.546565 0.131996 0.159742 0.117958 0.756319 0.786115
368 2.55411 185 7 2 8 2 4 2 1.35424 0.337096 0.545187 0.131935 0.160644 0.116775 0.755911 0.786115
369 2.5618 185 7 2 7 2 4 2 1.35468 0.341653 0.545404 0.131937 0.161537 0.115585 0.754687 0.786115
370 2.56949 185 7 2 7 2 4 2 1.35561 0.347455 0.546071 0.131734 0.162422 0.114387 0.755503 0.784482
371 2.57719 185 7 2 7 2 4 2 1.35136 0.340878 0.543669 0.132009 0.163298 0.113182 0.755911 0.784074
372 2.5849 185 7 2 8 2 4 2 1.35437 0.349165 0.545286 0.131897 0.164165 0.111971 0.755095 0.782441
373 2.5926 185 7 2 7 2 4 2 1.34855 0.344424 0.542412 0.131865 0.165024 0.110752 0.755503 0.784074
374 2.60031 185 7 2 7 2 4 2 1.35211 0.351264 0.544354 0.131702 0.165873 0.109526 0.755503 0.78489
375 2.60803 185 7 2 7 2 4 2 1.3498 0.352528 0.543316 0.131585 0.166713 0.108294 0.754687 0.785707
376 2.61575 185 7 2 8 2 4 2 1.34539 0.35112 0.541368 0.131328 0.167544 0.107055 0.755095 0.786523
377 2.62347 185 7 2 7 2 4 2 1.34369 0.352395 0.540666 0.13118 0.168366 0.105808 0.756319 0.785707
378 2.63119 185 7 2 7 2 4 2 1.34455 0.352655 0.541266 0.131007 0.169179 0.104556 0.756319 0.786523
379 2.63892 185 7 2 7 2 4 2 1.33869 0.354824 0.53823 0.131113 0.169982 0.103296 0.755911 0.785707
380 2.64666 185 7 2 7 2 4 2 1.33767 0.357671 0.537759 0.131077 0.170776 0.10203 0.756319 0.786115
381 2.6544 185 6 2 6 2 4 2 1.33993 0.358572 0.539321 0.130642 0.171561 0.100757 0.756727 0.786115
382 2.66214 185 6 2 6 2 4 2 1.33735 0.361119 0.538118 0.130555 0.172336 0.099478 0.756727 0.785707
383 2.66989 185 7 2 7 2 4 2 1.33615 0.364232 0.537532 0.130541 0.173102 0.0981923 0.755911 0.785707
384 2.67764 185 6 2 7 2 4 2 1.3355 0.365903 0.537053 0.130695 0.173858 0.0969003 0.756319 0.786523
385 2.6854 185 7 2 7 2 4 2 1.33315 0.36334 0.53594 0.130634 0.174605 0.0956019 0.755911 0.786115
386 2.69316 185 7 2 7 2 4 2 1.33265 0.368608 0.535564 0.130763 0.175342 0.0942973 0.755095 0.786523
387 2.70092 185 7 2 7 2 4 2 1.33426 0.371595 0.536573 0.130555 0.176069 0.0929866 0.754687 0.785707
388 2.70869 185 7 2 8 2 4 2 1.33128 0.368979 0.535108 0.130533 0.176786 0.0916697 0.755503 0.784482
389 2.71647 185 7 2 7 2 4 2 1.32979 0.366834 0.534276 0.130622 0.177494 0.0903468 0.755911 0.784482
390 2.72424 185 7 2 7 2 4 2 1.33212 0.375489 0.535567 0.130496 0.178191 0.0890179 0.755911 0.783258
391 2.73203 185 7 2 7 2 4 2 1.32558 0.370814 0.532366 0.130423 0.178879 0.0876831 0.755503 0.783258
392 2.73981 185 7 2 7 2 4 2 1.32852 0.371633 0.534117 0.130143 0.179556 0.0863425 0.755503 0.784074
393 2.7476 185 7 2 8 2 4 2 1.32653 0.377681 0.533088 0.130175 0.180223 0.0849962 0.755503 0.784482
394 2.7554 185 7 2 7 2 4 2 1.32539 0.374186 0.532717 0.129978 0.180881 0.083644 0.755095 0.785707
395 2.7632 185 7 2 7 2 4 2 1.32141 0.378868 0.530887 0.129816 0.181528 0.0822863 0.755503 0.786523
396 2.771 185 7 2 7 2 4 2 1.31812 0.376982 0.529431 0.129627 0.182165 0.0809229 0.755911 0.786115
397 2.77881 185 7 2 7 2 4 2 1.32093 0.37622 0.530947 0.129518 0.182791 0.079554 0.756319 0.785707
398 2.78662 185 7 2 7 2 4 2 1.31644 0.377609 0.528761 0.129458 0.183407 0.0781796 0.756319 0.786523
399 2.79444 185 7 2 7 2 4 2 1.3148 0.378558 0.527815 0.129587 0.184013 0.0767998 0.755911 0.785707
400 2.80226 185 7 2 7 2 4 2 1.31457 0.381551 0.527698 0.129588 0.184608 0.0754147 0.756319 0.785707
401 2.81009 185 6 2 7 2 4 2 1.31269 0.379146 0.526937 0.129407 0.185193 0.0740244 0.756319 0.786115
402 2.81792 185 7 2 6 2 4 2 1.31259 0.38214 0.527138 0.129156 0.185767 0.0726289 0.756727 0.786115
403 2.82575 185 8 2 8 2 4 2 1.31097 0.385152 0.526466 0.129017 0.186331 0.0712282 0.756319 0.786115
404 2.83359 185 7 2 7 2 4 2 1.31237 0.385131 0.527136 0.129051 0.186884 0.0698225 0.755911 0.785707
405 2.84144 185 7 2 7 2 4 2 1.30808 0.384763 0.524921 0.129119 0.187426 0.0684119 0.755911 0.786115
406 2.84929 185 6 2 7 2 4 2 1.30778 0.386454 0.524635 0.129257 0.187958 0.0669963 0.756319 0.786523
407 2.85714 185 7 2 8 2 4 2 1.30835 0.384662 0.525044 0.129132 0.188478 0.065576 0.756319 0.785707
408 2.865 185 7 2 6 2 4 2 1.30665 0.385366 0.524186 0.129139 0.188988 0.0641508 0.755911 0.786115
409 2.87287 185 7 2 7 2 4 2 1.30491 0.386386 0.523267 0.12919 0.189487 0.062721 0.755503 0.786523
410 2.88074 185 7 2 6 2 4 2 1.3068 0.388412 0.524333 0.129066 0.189975 0.0612866 0.755095 0.786523
411 2.88861 185 7 2 6 2 4 2 1.3036 0.387249 0.522856 0.128942 0.190452 0.0598476 0.754687 0.785707
412 2.89649 185 7 2 7 2 4 2 1.30154 0.387158 0.521825 0.128945 0.190918 0.0584042 0.755503 0.784482
413 2.90437 185 7 2 7 2 4 2 1.30027 0.385248 0.521024 0.12911 0.191372 0.0569564 0.755095 0.78489
414 2.91226 185 7 2 8 2 4 2 1.30221 0.387595 0.522147 0.128957 0.191816 0.0555044 0.755911 0.784482
415 2.92016 185 7 2 6 2 4 2 1.30015 0.387294 0.521288 0.128787 0.192248 0.0540481 0.755503 0.784482
416 2.92805 185 8 2 7 2 4 2 1.29722 0.387872 0.519837 0.128776 0.19267 0.0525877 0.755095 0.782849
417 2.93596 185 8 2 8 2 4 2 1.29523 0.388663 0.518971 0.128645 0.193079 0.0511232 0.755095 0.783258
418 2.94386 185 7 2 6 2 4 2 1.29644 0.386907 0.519718 0.1285 0.193478 0.0496548 0.755503 0.784482
419 2.95178 185 7 2 7 2 4 2 1.29542 0.388406 0.519351 0.128358 0.193865 0.0481824 0.755911 0.784074
420 2.95969 185 6 2 7 2 4 2 1.29371 0.388539 0.518477 0.12838 0.194241 0.0467063 0.755095 0.78489
421 2.96762 185 7 2 6 2 4 2 1.29212 0.389332 0.517801 0.128259 0.194605 0.0452264 0.755911 0.784482
422 2.97555 185 7 2 6 2 4 2 1.2922 0.387253 0.518025 0.128074 0.194957 0.0437429 0.755095 0.785707
423 2.98348 185 7 2 7 2 4 2 1.28863 0.389079 0.516308 0.128007 0.195298 0.0422558 0.754687 0.785707
424 2.99142 185 7 2 7 2 4 2 1.28696 0.38669 0.515583 0.127896 0.195628 0.0407652 0.755095 0.786115
425 2.99936 185 6 2 6 2 4 2 1.28661 0.386726 0.515428 0.127878 0.195946 0.0392712 0.755503 0.786523
426 3.0073 185 7 2 6 2 4 2 1.28431 0.385186 0.514347 0.127808 0.196252 0.0377739 0.755503 0.786523
427 3.01526 185 6 2 6 2 4 2 1.28442 0.386796 0.514435 0.127772 0.196546 0.0362733 0.755911 0.786115
428 3.02322 185 6 2 7 2 4 2 1.28424 0.384571 0.51438 0.127742 0.196829 0.0347695 0.755911 0.786115
429 3.03118 185 6 2 6 2 4 2 1.28151 0.384652 0.513084 0.12767 0.1971 0.0332626 0.756319 0.785707
430 3.03915 185 6 2 6 2 4 2 1.28078 0.384424 0.512685 0.127704 0.197359 0.0317527 0.756319 0.785707
431 3.04712 185 7 2 7 2 4 2 1.2791 0.383903 0.511769 0.127781 0.197606 0.0302399 0.756319 0.786523
432 3.0551 185 6 2 6 2 4 2 1.28005 0.383202 0.512335 0.12769 0.197841 0.0287243 0.756319 0.786523
433 3.06308 185 6 2 6 2 4 2 1.27889 0.38268 0.511917 0.127526 0.198065 0.0272058 0.756319 0.786523
434 3.07107 185 6 2 7 2 4 2 1.27582 0.381843 0.510452 0.127459 0.198276 0.0256847 0.755911 0.786115
435 3.07907 185 6 2 7 2 4 2 1.2759 0.382084 0.510508 0.127443 0.198475 0.0241609 0.755911 0.785707
436 3.08707 185 6 2 6 2 4 2 1.27302 0.381372 0.508971 0.12754 0.198662 0.0226346 0.755911 0.785707
437 3.09507 185 6 2 6 2 4 2 1.27477 0.380093 0.509882 0.127501 0.198837 0.0211059 0.755911 0.785707
438 3.10309 185 6 2 5 2 4 2 1.27396 0.380635 0.509527 0.127452 0.199 0.0195747 0.756727 0.785707
439 3.1111 185 7 2 6 2 4 2 1.27217 0.37905 0.50876 0.127325 0.199151 0.0180413 0.756727 0.785707
440 3.11913 185 6 2 6 2 4 2 1.27275 0.378012 0.509143 0.127232 0.19929 0.0165057 0.756319 0.786115
441 3.12715 185 6 2 6 2 4 2 1.2703 0.378433 0.50797 0.127181 0.199416 0.014968 0.756319 0.786115
442 3.13519 185 6 2 6 2 4 2 1.26855 0.376016 0.507165 0.127109 0.19953 0.0134283 0.756319 0.786115
443 3.14323 185 7 2 6 2 4 2 1.26908 0.376274 0.507484 0.127058 0.199632 0.0118867 0.756727 0.786115
444 3.15127 185 6 2 5 2 4 2 1.26728 0.375569 0.506629 0.127012 0.199721 0.0103433 0.756727 0.786115
445 3.15932 185 6 2 6 2 4 2 1.26764 0.375194 0.506864 0.126955 0.199798 0.00879811 0.756727 0.786115
446 3.16738 185 7 2 5 2 4 2 1.26629 0.372174 0.506272 0.126875 0.199863 0.00725128 0.756727 0.786115
447 3.17544 185 6 2 5 2 4 2 1.26601 0.371864 0.506148 0.126856 0.199915 0.0057029 0.756727 0.786115
448 3.18351 185 6 2 5 2 4 2 1.26497 0.370302 0.505735 0.126752 0.199955 0.00415312 0.756727 0.786115
449 3.19159 185 5 2 6 2 4 2 1.2626 0.37057 0.504613 0.126688 0.199982 0.00260197 0.756727 0.786115
450 3.19967 185 6 2 5 2 4 2 1.26256 0.368567 0.50465 0.126632 0.199997 0.00104956 0.757544 0.786115
451 3.20775 185 6 2 6 2 4 2 1.26284 0.368325 0.504892 0.126526 0.199999 -0.000504033 0.757544 0.786115
452 3.21584 185 5 2 6 2 4 2 1.26206 0.364965 0.504607 0.126425 0.199989 -0.0020587 0.756727 0.786115
453 3.22394 185 5 2 6 2 4 2 1.25897 0.364411 0.503112 0.126372 0.199966 -0.00361436 0.756727 0.786115
454 3.23204 185 5 2 6 2 4 2 1.2596 0.362416 0.50344 0.126361 0.19993 -0.0051709 0.756727 0.786115
455 3.24015 185 5 2 6 2 4 2 1.25897 0.359891 0.503184 0.126302 0.199882 -0.00672823 0.756727 0.786115
456 3.24827 185 6 2 5 2 4 2 1.25695 0.358891 0.502318 0.126155 0.199821 -0.00828625 0.756727 0.786115
457 3.25639 185 5 2 6 2 4 2 1.25736 0.356913 0.502599 0.126083 0.199748 -0.00984487 0.756727 0.786115
458 3.26451 185 6 2 6 2 4 2 1.25789 0.355222 0.502913 0.126033 0.199661 -0.011404 0.756727 0.786115
459 3.27264 185 5 2 6 2 4 2 1.25408 0.354531 0.501071 0.125966 0.199562 -0.0129635 0.756319 0.786115
460 3.28078 185 6 2 6 2 4 2 1.25468 0.35037 0.501425 0.125914 0.19945 -0.0145232 0.756319 0.786115
461 3.28892 185 6 2 6 2 4 2 1.25384 0.349188 0.501062 0.125856 0.199326 -0.016083 0.756319 0.786115
462 3.29707 185 5 2 6 2 4 2 1.25405 0.346753 0.501224 0.125799 0.199188 -0.0176425 0.756319 0.786115
463 3.30522 185 5 2 5 2 4 2 1.25245 0.346479 0.500474 0.125752 0.199038 -0.0192018 0.756727 0.785707
464 3.31338 185 7 2 5 2 4 2 1.25162 0.342812 0.500028 0.125782 0.198875 -0.0207606 0.755911 0.785707
465 3.32153 185 6 2 6 2 4 2 1.25104 0.341424 0.499755 0.125768 0.1987 -0.0223187 0.755911 0.785707
466 3.3297 185 6 2 5 2 4 2 1.25166 0.338714 0.500105 0.125727 0.198511 -0.0238761 0.755911 0.785707
467 3.33786 185 6 2 6 2 4 2 1.2502 0.336404 0.499463 0.125637 0.19831 -0.0254326 0.755911 0.785707
468 3.34603 185 7 2 6 2 4 2 1.24991 0.333816 0.499327 0.125627 0.198096 -0.0269881 0.756319 0.786523
469 3.3542 185 7 2 7 2 4 2 1.24941 0.332971 0.499213 0.12549 0.197869 -0.0285424 0.756319 0.786523
470 3.36237 185 7 2 7 2 4 2 1.24852 0.328933 0.498944 0.125317 0.197629 -0.0300953 0.756319 0.786523
471 3.37055 185 7 2 6 2 4 2 1.24891 0.328509 0.499316 0.125137 0.197377 -0.0316468 0.756319 0.786115
472 3.37873 185 7 2 7 2 4 2 1.24811 0.32547 0.49898 0.125075 0.197112 -0.0331968 0.756319 0.786523
473 3.38691 185 7 2 7 2 4 2 1.24566 0.322778 0.497766 0.125062 0.196834 -0.034745 0.755911 0.786115
474 3.3951 185 7 2 7 2 4 2 1.24547 0.318178 0.49767 0.125067 0.196543 -0.0362914 0.755911 0.786115
475 3.40328 185 7 2 6 2 4 2 1.24703 0.317489 0.498609 0.124907 0.19624 -0.0378359 0.755503 0.786523
476 3.41147 185 6 2 6 2 4 2 1.24602 0.312861 0.498291 0.124718 0.195923 -0.0393784 0.755503 0.786523
477 3.41966 185 7 2 6 2 4 2 1.24623 0.309786 0.498555 0.12456 0.195595 -0.0409187 0.754687 0.786115
478 3.42785 185 7 2 6 2 4 2 1.2426 0.307805 0.496782 0.124519 0.195253 -0.0424566 0.754687 0.785707
479 3.43604 185 7 2 7 2 4 2 1.24331 0.306082 0.497162 0.124492 0.194899 -0.0439923 0.755095 0.78489
480 3.44424 185 7 2 7 2 4 2 1.24242 0.303119 0.496671 0.124541 0.194532 -0.0455254 0.755503 0.784482
481 3.45244 185 7 2 6 2 4 2 1.24437 0.301943 0.497741 0.124445 0.194153 -0.0470559 0.755911 0.784482
482 3.46063 185 6 2 6 2 4 2 1.24365 0.295478 0.497527 0.124299 0.193761 -0.0485837 0.755503 0.784074
483 3.46883 185 6 2 6 2 4 2 1.24271 0.293203 0.497231 0.124123 0.193356 -0.0501086 0.755911 0.783666
484 3.47704 185 7 2 6 2 4 2 1.24039 0.289916 0.49605 0.124144 0.192939 -0.0516305 0.755095 0.782441
485 3.48524 185 7 2 7 2 4 2 1.24308 0.291067 0.497512 0.124028 0.192509 -0.0531494 0.755911 0.783258
486 3.49344 185 7 2 6 2 4 2 1.24369 0.285324 0.498074 0.123772 0.192067 -0.0546651 0.755503 0.784482
487 3.50165 185 7 2 7 2 4 2 1.24246 0.280116 0.497487 0.123741 0.191612 -0.0561775 0.755911 0.784482
488 3.50986 185 7 2 6 2 4 2 1.24152 0.276812 0.497196 0.123565 0.191145 -0.0576866 0.755911 0.784482
489 3.51806 185 7 2 7 2 4 2 1.24065 0.276215 0.496974 0.123352 0.190665 -0.0591921 0.755095 0.786115
490 3.52628 185 7 2 7 2 4 2 1.2382 0.270468 0.495887 0.123214 0.190173 -0.0606941 0.754687 0.786115
491 3.53449 185 6 2 7 2 4 2 1.23617 0.271004 0.494973 0.12311 0.189668 -0.0621924 0.755095 0.786523
492 3.5427 185 7 2 7 2 4 2 1.23859 0.267673 0.496284 0.123012 0.189151 -0.0636869 0.755911 0.786115
493 3.55091 185 7 2 7 2 4 2 1.23825 0.265472 0.496186 0.122941 0.188622 -0.0651775 0.756319 0.785707
494 3.55913 185 6 2 6 2 4 2 1.2361 0.26173 0.495116 0.122936 0.188081 -0.0666641 0.756319 0.786523
495 3.56734 185 8 2 7 2 4 2 1.23555 0.258617 0.494739 0.123036 0.187527 -0.0681466 0.756319 0.786115
496 3.57556 185 7 2 7 2 4 2 1.23663 0.254296 0.4954 0.122917 0.186961 -0.0696249 0.755911 0.785707
497 3.58378 185 7 2 7 2 4 2 1.23576 0.252565 0.495028 0.122854 0.186382 -0.0710988 0.756319 0.786115
498 3.592 185 6 2 6 2 4 2 1.2357 0.248382 0.495446 0.122406 0.185792 -0.0725684 0.756727 0.786115
499 3.60022 185 6 2 7 2 4 2 1.23624 0.244388 0.495981 0.122138 0.185189 -0.0740334 0.756319 0.786115
500 3.60844 185 7 2 7 2 4 2 1.23547 0.237859 0.495567 0.122166 0.184575 -0.0754939 0.755911 0.785707
501 3.61667 185 6 2 6 2 4 2 1.23377 0.234055 0.494613 0.122273 0.183948 -0.0769496 0.756319 0.786115
502 3.62489 185 7 2 6 2 4 2 1.23648 0.228947 0.495867 0.122375 0.183309 -0.0784005 0.756319 0.786523
503 3.63311 185 7 2 7 2 4 2 1.23592 0.229486 0.495626 0.122336 0.182658 -0.0798465 0.756319 0.785707
504 3.64134 185 7 2 7 2 4 2 1.237 0.221352 0.495915 0.122583 0.181996 -0.0812873 0.755503 0.786523
505 3.64957 185 7 2 7 2 4 2 1.2371 0.217128 0.496116 0.122435 0.181321 -0.0827229 0.754687 0.786115
506 3.65779 185 7 2 7 2 4 2 1.23713 0.213648 0.496312 0.122255 0.180635 -0.0841531 0.755095 0.78489
507 3.66602 185 7 2 7 2 4 2 1.23587 0.211513 0.495455 0.122481 0.179937 -0.085578 0.755503 0.784482
508 3.67424 185 7 2 8 2 4 2 1.2385 0.205369 0.496793 0.122459 0.179227 -0.0869973 0.755503 0.784482
509 3.68247 185 7 2 7 2 4 2 1.23757 0.20249 0.496344 0.122443 0.178505 -0.0884109 0.754687 0.782441
510 3.6907 185 7 2 7 2 4 2 1.23508 0.199455 0.495217 0.122324 0.177772 -0.0898186 0.755503 0.784482
511 3.69892 185 7 2 7 2 4 2 1.24171 0.193427 0.498545 0.122312 0.177028 -0.0912204 0.755503 0.78489
512 3.70714 185 7 2 6 2 4 2 1.23946 0.191286 0.497664 0.122067 0.176272 -0.0926161 0.755095 0.785707
513 3.71537 185 7 2 8 2 4 2 1.23772 0.187379 0.49695 0.121908 0.175505 -0.0940055 0.755503 0.786523
514 3.72359 185 7 2 7 2 4 2 1.23776 0.185199 0.4971 0.121779 0.174726 -0.0953886 0.755911 0.786115
515 3.73181 185 7 2 8 2 4 2 1.23641 0.182931 0.496613 0.12159 0.173936 -0.0967654 0.756319 0.786523
./../ibm-tree.h:287:error: [Thread debugging using libthread_db enabled]
./../ibm-tree.h:287:error: Using host libthread_db library "/lib/x86_64-linux-gnu/libthread_db.so.1".
./../ibm-tree.h:287:error: [Detaching after vfork from child process 2822969]
./../ibm-tree.h:287:error: [Detaching after vfork from child process 2822989]
./../ibm-tree.h:287:error: Program received signal SIGINT, Interrupt.
