0.199999 0.881404 0.312563 0.32931
0.199999 41.7295 -0.393512 -0.412634
0.199999 43.3153 -0.420922 -0.406942
0.199999 46.6847 -0.446437 -0.467032
0.199999 45 -0.441004 -0.464724
0.199999 17.1759 -0.00736155 -0.00146057
0.199999 19.7223 -0.0587304 -0.0575465
0.199999 17.7839 -0.0374273 -0.0288644
0.199999 22.3801 -0.110335 -0.108578
0.199999 25.1448 -0.16065 -0.156263
0.199999 23.1986 -0.139488 -0.14182
0.199999 20.4328 -0.0887737 -0.0883854
0.199999 8.39293 0.17071 0.18098
0.199999 14.7436 0.0440475 0.0460006
0.199999 12.8477 0.0746746 0.0557171
0.199999 10.561 0.123797 0.119432
0.199999 8.67317 0.149279 0.177498
0.199999 10.9228 0.0969196 0.102615
0.199999 4.53777 0.244997 0.256663
0.199999 6.54629 0.202753 0.188356
0.199999 4.6859 0.228221 0.24728
0.199999 2.72631 0.27519 0.268853
0.199999 0.90938 0.300154 0.325131
0.199999 15.2551 0.0174614 0.0387236
0.199999 28.0092 -0.207732 -0.1995
0.199999 30.9638 -0.251449 -0.230788
0.199999 29.0546 -0.233437 -0.249312
0.199999 33.9965 -0.293292 -0.30333
0.199999 35.2724 -0.324132 -0.307401
0.199999 32.125 -0.278155 -0.300398
0.199999 26.0754 -0.188289 -0.195866
0.199999 38.4802 -0.360598 -0.355988
0.199999 36.6341 -0.34635 -0.356211
0.199999 39.9575 -0.3852 -0.421515
0.199999 51.9112 -0.489765 -0.510734
0.199999 48.4682 -0.469564 -0.466755
0.199999 50.3558 -0.487868 -0.517669
0.199999 53.8807 -0.509942 -0.501883
0.199999 55.9541 -0.523437 -0.546972
0.199999 67.4794 -0.563513 -0.580594
0.199999 59.4703 -0.538051 -0.553311
0.199999 58.134 -0.539865 -0.55537
0.199999 61.6992 -0.550239 -0.549078
0.199999 64.0256 -0.557866 -0.579442
0.199999 66.4477 -0.566603 -0.589819
0.199999 69.9048 -0.570993 -0.566234
0.199999 72.4076 -0.575002 -0.575821
0.199999 74.9816 -0.577533 -0.588059
0.199999 77.6192 -0.579313 -0.593126
0.199999 80.3112 -0.579187 -0.591511
0.199999 83.047 -0.577307 -0.586508
0.199999 85.8151 -0.574146 -0.580016
0.199999 88.6678 -0.569186 -0.570087
0.199999 88.6028 -0.570305 -0.573238
0.199999 91.3322 -0.563299 -0.570018
0.199999 91.3972 -0.56621 -0.566875
0.199999 94.1849 -0.56189 -0.561184
0.199999 96.953 -0.557425 -0.556456
0.199999 99.6888 -0.552861 -0.5525
0.199999 102.381 -0.548163 -0.548946
0.199999 105.018 -0.543511 -0.545115
0.199999 107.592 -0.538572 -0.53995
0.199999 110.095 -0.533828 -0.535117
0.199999 112.521 -0.528389 -0.528614
0.199999 113.552 -0.528229 -0.523923
0.199999 115.974 -0.523334 -0.52069
0.199999 118.301 -0.519191 -0.51775
0.199999 120.53 -0.515035 -0.512812
0.199999 121.866 -0.513637 -0.509714
0.199999 124.046 -0.509353 -0.50644
0.199999 126.119 -0.506528 -0.503591
0.199999 128.089 -0.502889 -0.500459
0.199999 129.644 -0.500676 -0.497356
0.199999 131.532 -0.498433 -0.494684
0.199999 133.315 -0.495713 -0.492414
0.199999 135 -0.493239 -0.490004
0.199999 136.685 -0.49153 -0.487508
0.199999 138.27 -0.489415 -0.485821
0.199999 140.042 -0.4869 -0.483433
0.199999 141.52 -0.48553 -0.450983
0.199999 143.366 -0.482725 -0.479544
0.199999 144.728 -0.48174 -0.477399
0.199999 146.004 -0.480413 -0.476346
0.199999 147.875 -0.477943 -0.474365
0.199999 149.036 -0.477058 -0.404971
0.199999 150.945 -0.474524 -0.471096
0.199999 151.991 -0.473799 -0.427554
0.199999 153.925 -0.471369 -0.46806
0.199999 154.855 -0.470647 -0.435042
0.199999 156.801 -0.468301 -0.465072
0.199999 157.62 -0.467556 -0.432306
0.199999 159.567 -0.465284 -0.462048
0.199999 160.278 -0.464501 -0.419476
0.199999 162.216 -0.462296 -0.458931
0.199999 162.824 -0.461408 -0.39211
0.199999 164.745 -0.4589 -0.455801
0.199999 165.256 -0.458253 -0.454437
0.199999 167.152 -0.455269 -0.45218
0.199999 169.077 -0.452958 -0.450144
0.199999 169.439 -0.451894 -0.420635
0.199999 171.327 -0.449108 -0.446388
0.199999 171.607 -0.448491 -0.444725
0.199999 173.454 -0.444922 -0.442409
0.199999 175.314 -0.441986 -0.439686
0.199999 175.462 -0.441398 -0.437921
0.199999 177.274 -0.437542 -0.43501
0.199999 179.091 -0.434322 -0.432195
0.199999 179.119 -0.433928 -0.430163
3 -0.46978
0.199999 262.367 -0.445161 -0.456795
0.199999 261.209 -0.432813 -0.44404
0.199999 260.059 -0.418599 -0.434821
0.199999 239.25 -0.32229 -0.326233
0.199999 246.961 -0.336756 -0.344863
0.199999 245.353 -0.332043 -0.336662
0.199999 245.854 -0.332588 -0.317953
0.199999 249.656 -0.348128 -0.35503
0.199999 250.067 -0.347892 -0.357125
0.199999 248.532 -0.342699 -0.346426
0.199999 247.426 -0.336654 -0.34504
0.199999 242.613 -0.325655 -0.332141
0.199999 244.25 -0.329054 -0.33271
0.199999 243.166 -0.325387 -0.332536
0.199999 240.945 -0.323448 -0.328507
0.199999 241.535 -0.323181 -0.282318
0.199999 239.876 -0.321762 -0.297679
0.199999 232.237 -0.324442 -0.325863
0.199999 235.784 -0.322037 -0.32514
0.199999 237.529 -0.321828 -0.325265
0.199999 238.191 -0.321002 -0.303578
0.199999 236.482 -0.320923 -0.303241
0.199999 234.019 -0.322844 -0.325392
0.199999 234.752 -0.321504 -0.296289
0.199999 233.005 -0.322672 -0.27906
0.199999 229.611 -0.328171 -0.330722
0.199999 227.77 -0.330665 -0.330918
0.199999 228.633 -0.328476 -0.310576
0.199999 230.44 -0.326396 -0.330918
0.199999 231.242 -0.324221 -0.327732
0.199999 226.818 -0.33059 -0.334043
0.199999 180.881 -0.429549 -0.4273
0.199999 182.643 -0.4262 -0.423702
0.199999 184.399 -0.421539 -0.421523
0.199999 184.268 -0.421711 -0.419304
0.199999 185.964 -0.417512 -0.414825
0.199999 187.651 -0.413704 -0.411477
0.199999 189.324 -0.409387 -0.409078
0.199999 189.058 -0.409967 -0.406603
0.199999 190.67 -0.405282 -0.403109
0.199999 192.265 -0.401405 -0.398609
0.199999 193.841 -0.397497 -0.394871
0.199999 195.396 -0.393784 -0.392136
0.199999 196.928 -0.390067 -0.388984
0.199999 198.435 -0.386465 -0.385751
0.199999 199.916 -0.382963 -0.382344
0.199999 201.371 -0.379576 -0.378855
0.199999 200.821 -0.380934 -0.377088
0.199999 202.797 -0.376396 -0.37528
0.199999 204.193 -0.373339 -0.371916
0.199999 202.218 -0.375936 -0.377046
0.199999 205.56 -0.370486 -0.36881
0.199999 206.896 -0.367821 -0.366237
0.199999 208.202 -0.365256 -0.364235
0.199999 209.476 -0.362792 -0.363424
0.199999 213.887 -0.355335 -0.352607
0.199999 215.049 -0.352751 -0.352765
0.199999 210.719 -0.360223 -0.362225
0.199999 211.931 -0.357803 -0.359763
0.199999 213.111 -0.354959 -0.355464
0.199999 218.118 -0.3482 -0.3467
0.199999 216.18 -0.350331 -0.353657
0.199999 217.278 -0.347853 -0.348976
0.199999 219.193 -0.345355 -0.345792
0.199999 220.236 -0.343168 -0.346977
0.199999 221.248 -0.340239 -0.343001
