-0.000904776 24.0442 0.459639 0.476142
-0.000904776 22.5572 0.483052 0.478985
-0.000904776 21.0375 0.49912 0.513816
-0.000904776 13.8407 0.555719 0.5732
-0.000904776 18.9465 0.520817 0.534566
-0.000904776 17.4027 0.535873 0.540148
-0.000904776 19.4861 0.519734 0.52809
-0.000904776 15.8324 0.547064 0.560166
-0.000904776 14.2373 0.557996 0.571311
-0.000904776 12.2648 0.564052 0.573914
-0.000904776 10.6698 0.568713 0.57999
-0.000904776 9.05789 0.570808 0.584806
-0.000904776 7.43141 0.570495 0.584035
-0.000904776 5.7928 0.567783 0.578958
-0.000904776 4.14462 0.562572 0.571367
-0.000904776 0.806929 0.543649 0.546548
-0.000904776 2.48955 0.554648 0.562269
-0.000904776 0.830315 0.543962 0.552182
-0.000904776 65.9558 -0.455558 -0.482268
-0.000904776 67.4428 -0.491892 -0.473242
-0.000904776 68.9625 -0.518281 -0.538809
-0.000904776 71.0535 -0.553844 -0.578946
-0.000904776 70.5139 -0.55568 -0.566828
-0.000904776 72.5973 -0.581304 -0.574405
-0.000904776 76.1593 -0.62235 -0.661773
-0.000904776 74.1676 -0.602187 -0.627653
-0.000904776 75.7627 -0.628444 -0.660052
-0.000904776 77.7352 -0.645805 -0.641071
-0.000904776 79.3302 -0.663724 -0.653778
-0.000904776 80.9421 -0.678853 -0.686909
-0.000904776 82.5686 -0.692884 -0.71822
-0.000904776 84.2072 -0.703133 -0.732773
-0.000904776 85.9717 -0.698996 -0.732022
-0.000904776 85.8554 -0.709365 -0.734606
-0.000904776 87.5805 -0.702166 -0.729131
-0.000904776 89.1931 -0.701822 -0.72035
-0.000904776 43.8542 0.0620445 0.0522415
-0.000904776 46.1458 0.00183843 -0.00685768
-0.000904776 45 0.0281766 0.0235496
-0.000904776 37.0304 0.225625 0.226987
-0.000904776 35.7274 0.254131 0.233513
-0.000904776 31.2392 0.341293 0.351808
-0.000904776 27.646 0.405428 0.41556
-0.000904776 29.8459 0.369354 0.355073
-0.000904776 28.4127 0.392231 0.40488
-0.000904776 33.4654 0.299677 0.285826
-0.000904776 32.0926 0.323563 0.342901
-0.000904776 34.3803 0.275291 0.277261
-0.000904776 39.2894 0.174898 0.162755
-0.000904776 41.5664 0.120275 0.113961
-0.000904776 40.3331 0.146577 0.163034
-0.000904776 38.0189 0.201345 0.214758
-0.000904776 42.6627 0.0886314 0.0903411
-0.000904776 52.9696 -0.167096 -0.188653
-0.000904776 54.2726 -0.206862 -0.1975
-0.000904776 48.4336 -0.056901 -0.065696
-0.000904776 50.7106 -0.113343 -0.118401
-0.000904776 49.6669 -0.0901219 -0.109057
-0.000904776 47.3373 -0.0315358 -0.041229
-0.000904776 51.9811 -0.147868 -0.170367
-0.000904776 58.7608 -0.302927 -0.332154
-0.000904776 56.5346 -0.258071 -0.258942
-0.000904776 55.6197 -0.236889 -0.246034
-0.000904776 57.9074 -0.290944 -0.319634
-0.000904776 60.1541 -0.341918 -0.333727
-0.000904776 62.354 -0.38329 -0.406173
-0.000904776 61.5873 -0.374508 -0.397494
-0.000904776 26.2001 0.430522 0.424398
-0.000904776 24.7174 0.451615 0.471119
-0.000904776 63.7999 -0.418473 -0.406515
-0.000904776 65.2826 -0.450225 -0.478828
-0.000904776 90.8069 -0.699405 -0.711201
-0.000904776 92.4195 -0.695675 -0.702807
-0.000904776 94.0283 -0.68977 -0.699055
-0.000904776 94.1446 -0.69524 -0.695602
-0.000904776 95.7928 -0.689147 -0.690668
-0.000904776 97.4314 -0.683045 -0.687693
-0.000904776 99.0579 -0.676437 -0.687257
-0.000904776 100.67 -0.668609 -0.685745
-0.000904776 102.265 -0.660253 -0.676183
-0.000904776 103.841 -0.650259 -0.658303
-0.000904776 104.237 -0.654467 -0.650623
-0.000904776 105.832 -0.642533 -0.647347
-0.000904776 107.403 -0.632438 -0.642635
-0.000904776 108.947 -0.622163 -0.627571
-0.000904776 109.486 -0.623661 -0.621363
-0.000904776 111.038 -0.610542 -0.616552
-0.000904776 112.557 -0.601784 -0.608984
-0.000904776 114.044 -0.590687 -0.598277
-0.000904776 114.717 -0.589678 -0.591201
-0.000904776 116.2 -0.580784 -0.585141
-0.000904776 117.646 -0.571238 -0.576754
-0.000904776 118.413 -0.568988 -0.571124
-0.000904776 119.846 -0.561438 -0.564126
-0.000904776 121.239 -0.552989 -0.558025
-0.000904776 122.093 -0.550378 -0.553367
-0.000904776 123.465 -0.544025 -0.522824
-0.000904776 124.38 -0.539876 -0.542022
-0.000904776 125.727 -0.535022 -0.536348
-0.000904776 127.03 -0.528896 -0.532291
-0.000904776 128.019 -0.525952 -0.52872
-0.000904776 129.289 -0.521149 -0.462009
-0.000904776 130.333 -0.518001 -0.520254
-0.000904776 131.566 -0.513776 -0.479411
-0.000904776 132.663 -0.51058 -0.512055
-0.000904776 133.854 -0.506717 -0.481821
-0.000904776 135 -0.503694 -0.504565
-0.000904776 136.146 -0.500047 -0.47488
-0.000904776 137.337 -0.497231 -0.497413
-0.000904776 138.434 -0.493984 -0.45835
-0.000904776 139.667 -0.491364 -0.490219
-0.000904776 140.711 -0.488544 -0.42827
-0.000904776 141.981 -0.485999 -0.48523
-0.000904776 142.97 -0.483597 -0.483808
-0.000904776 144.273 -0.48093 -0.48309
-0.000904776 145.62 -0.478996 -0.478925
-0.000904776 146.535 -0.476554 -0.453287
-0.000904776 147.907 -0.474356 -0.472674
-0.000904776 148.761 -0.472466 -0.471849
-0.000904776 150.154 -0.469824 -0.47175
-0.000904776 151.587 -0.467668 -0.466281
-0.000904776 152.354 -0.466011 -0.465668
-0.000904776 153.8 -0.46349 -0.465506
-0.000904776 155.283 -0.461278 -0.459314
-0.000904776 155.956 -0.459866 -0.459338
-0.000904776 157.443 -0.457114 -0.459993
-0.000904776 158.962 -0.455109 -0.454273
-0.000904776 160.514 -0.452054 -0.451607
-0.000904776 161.053 -0.451014 -0.45094
-0.000904776 162.597 -0.44822 -0.451257
-0.000904776 164.168 -0.445903 -0.445422
-0.000904776 165.763 -0.442901 -0.440363
-0.000904776 166.159 -0.442172 -0.440174
-0.000904776 167.735 -0.438708 -0.441068
-0.000904776 169.33 -0.43567 -0.438447
-0.000904776 170.942 -0.432561 -0.433898
-0.000904776 172.569 -0.429128 -0.428634
-0.000904776 174.207 -0.425482 -0.424227
-0.000904776 175.855 -0.42169 -0.420322
-0.000904776 177.51 -0.417809 -0.416745
-0.000904776 179.17 -0.413845 -0.413392
-0.000904776 179.193 -0.414957 -0.411733
-0.000904776 359.193 0.523935 0.546457
-0.000904776 359.17 0.530764 0.540817
-0.000904776 357.51 0.514799 0.527845
-0.000904776 355.855 0.496364 0.512148
-0.000904776 354.207 0.475572 0.492844
-0.000904776 352.569 0.452878 0.468918
-0.000904776 350.942 0.428747 0.439653
-0.000904776 349.33 0.404127 0.405279
-0.000904776 347.735 0.378297 0.372065
-0.000904776 346.159 0.345069 0.368246
-0.000904776 345.763 0.340601 0.364736
-0.000904776 344.168 0.309412 0.33251
-0.000904776 342.597 0.282088 0.276954
-0.000904776 341.053 0.248344 0.256732
-0.000904776 340.514 0.237992 0.24752
-0.000904776 338.962 0.200044 0.226316
-0.000904776 337.443 0.1731 0.154875
-0.000904776 335.956 0.136713 0.145583
-0.000904776 335.283 0.118493 0.141099
-0.000904776 333.8 0.0908553 0.0779296
-0.000904776 332.354 0.0570544 0.0672765
-0.000904776 331.587 0.0348447 0.0603013
-0.000904776 330.154 0.00852044 -0.0105881
-0.000904776 329.323 -0.0218973 -0.0195085
-0.000904776 327.907 -0.0501328 -0.0210424
-0.000904776 326.535 -0.0743472 -0.0721934
-0.000904776 325.62 -0.10371 -0.104869
-0.000904776 324.273 -0.124812 -0.149089
-0.000904776 323.297 -0.156311 -0.157405
-0.000904776 321.981 -0.179509 -0.162522
-0.000904776 320.711 -0.201048 -0.165522
-0.000904776 319.667 -0.229588 -0.220126
-0.000904776 318.434 -0.247454 -0.225221
-0.000904776 317.337 -0.275533 -0.275868
-0.000904776 316.146 -0.29261 -0.277356
-0.000904776 315 -0.319618 -0.326932
-0.000904776 313.854 -0.33557 -0.320594
-0.000904776 312.663 -0.361087 -0.375646
-0.000904776 311.566 -0.373809 -0.352753
-0.000904776 310.333 -0.397395 -0.423525
-0.000904776 309.289 -0.40461 -0.363378
-0.000904776 308.019 -0.426349 -0.462474
-0.000904776 306.703 -0.443756 -0.457237
-0.000904776 305.727 -0.450735 -0.455118
-0.000904776 304.38 -0.4644 -0.477852
-0.000904776 303.465 -0.469148 -0.447087
-0.000904776 302.093 -0.483312 -0.519707
-0.000904776 300.677 -0.498148 -0.509174
-0.000904776 299.846 -0.499727 -0.503474
-0.000904776 298.413 -0.510792 -0.547347
-0.000904776 297.646 -0.50839 -0.539373
-0.000904776 296.2 -0.518316 -0.537422
-0.000904776 294.717 -0.525332 -0.55444
-0.000904776 294.044 -0.520914 -0.541628
-0.000904776 292.557 -0.526358 -0.535238
-0.000904776 291.038 -0.529372 -0.561832
-0.000904776 289.486 -0.531578 -0.558813
-0.000904776 288.947 -0.525998 -0.551316
-0.000904776 287.403 -0.525999 -0.546373
-0.000904776 285.832 -0.523572 -0.546537
-0.000904776 284.237 -0.51933 -0.542506
-0.000904776 283.841 -0.514104 -0.531753
-0.000904776 282.265 -0.508515 -0.523715
-0.000904776 280.67 -0.503235 -0.522877
-0.000904776 279.058 -0.496795 -0.507158
-0.000904776 277.431 -0.489248 -0.503538
-0.000904776 275.793 -0.481755 -0.494632
-0.000904776 274.145 -0.47358 -0.482745
-0.000904776 272.49 -0.464859 -0.469118
-0.000904776 270.83 -0.45543 -0.457656
-0.000904776 245.283 -0.358715 -0.364248
-0.000904776 243.8 -0.356593 -0.365362
-0.000904776 204.717 -0.360244 -0.363641
-0.000904776 206.2 -0.358925 -0.359459
-0.000904776 239.323 -0.351964 -0.353891
-0.000904776 241.587 -0.3541 -0.36012
-0.000904776 242.354 -0.354436 -0.361217
-0.000904776 240.154 -0.352381 -0.352627
-0.000904776 237.907 -0.350029 -0.353068
-0.000904776 235.62 -0.348512 -0.352313
-0.000904776 236.535 -0.349143 -0.321175
-0.000904776 233.297 -0.34818 -0.35331
-0.000904776 231.981 -0.34798 -0.352636
-0.000904776 227.337 -0.347268 -0.347647
-0.000904776 229.667 -0.348146 -0.349205
-0.000904776 230.711 -0.347635 -0.290493
-0.000904776 228.434 -0.347634 -0.3097
-0.000904776 234.273 -0.348245 -0.353611
-0.000904776 222.663 -0.346794 -0.346402
-0.000904776 216.703 -0.348967 -0.34869
-0.000904776 218.019 -0.348561 -0.346561
-0.000904776 220.333 -0.347224 -0.346455
-0.000904776 221.566 -0.347174 -0.308917
-0.000904776 219.289 -0.348141 -0.289162
-0.000904776 210.677 -0.353359 -0.352849
-0.000904776 214.38 -0.35065 -0.354456
-0.000904776 212.093 -0.352755 -0.352313
-0.000904776 213.465 -0.351772 -0.326267
-0.000904776 208.413 -0.355908 -0.355587
-0.000904776 209.846 -0.355007 -0.3526
-0.000904776 207.646 -0.357264 -0.356513
-0.000904776 215.727 -0.350036 -0.350754
-0.000904776 225 -0.346759 -0.347008
-0.000904776 226.146 -0.347093 -0.317663
-0.000904776 223.854 -0.346914 -0.31728
-0.000904776 269.17 -0.445613 -0.449219
-0.000904776 267.51 -0.43627 -0.439398
-0.000904776 265.855 -0.427406 -0.429427
-0.000904776 264.207 -0.418732 -0.4211
-0.000904776 262.569 -0.410169 -0.414153
-0.000904776 260.942 -0.402803 -0.407187
-0.000904776 259.33 -0.396178 -0.407478
-0.000904776 257.735 -0.389966 -0.396175
-0.000904776 255.763 -0.383272 -0.389537
-0.000904776 254.168 -0.378805 -0.384102
-0.000904776 256.159 -0.382541 -0.392512
-0.000904776 252.597 -0.374625 -0.383968
-0.000904776 250.514 -0.369926 -0.374989
-0.000904776 251.053 -0.369718 -0.377593
-0.000904776 248.962 -0.365559 -0.370279
-0.000904776 247.443 -0.362624 -0.365632
-0.000904776 245.956 -0.359198 -0.36409
-0.000904776 180.83 -0.409878 -0.410047
-0.000904776 182.49 -0.405842 -0.406622
-0.000904776 180.807 -0.409 -0.411706
-0.000904776 184.145 -0.401832 -0.40286
-0.000904776 185.793 -0.397859 -0.398637
-0.000904776 187.431 -0.393917 -0.393942
-0.000904776 189.058 -0.390096 -0.388856
-0.000904776 190.67 -0.386561 -0.384261
-0.000904776 192.265 -0.383214 -0.380188
-0.000904776 194.237 -0.378247 -0.379302
-0.000904776 195.832 -0.37504 -0.375796
-0.000904776 199.486 -0.368505 -0.367576
-0.000904776 197.403 -0.372565 -0.370651
-0.000904776 198.947 -0.369791 -0.368417
-0.000904776 193.841 -0.379277 -0.379728
-0.000904776 201.038 -0.365892 -0.36595
-0.000904776 202.557 -0.36411 -0.362045
-0.000904776 204.044 -0.361706 -0.362619
