0 0 100 0 0 0 0 0 0 0 0 4.33898 9.97466e-17
1 0.00106534 100 6 4 6 4 2 3 669.316 0.00121883 3.52883 2.06765e-06
2 0.00229436 100 6 2 6 2 2 2 27.2522 -0.0119925 3.07364 -3.05551e-05
3 0.00397428 100 6 2 6 2 2 2 3.25719 0.00750883 2.8632 3.10172e-06
4 0.0060881 100 6 2 6 2 3 2 2.79368 0.000538027 2.67672 -4.51242e-06
5 0.00862663 100 5 2 6 2 3 2 2.48913 -6.70809e-05 2.48909 -1.62715e-05
6 0.0115535 100 5 2 5 2 3 2 2.21511 0.000173854 2.30351 -2.37001e-05
7 0.0148349 100 5 2 5 2 3 2 1.98955 1.53824e-05 2.12593 -2.20269e-05
8 0.01844 100 5 2 5 2 3 2 1.7982 5.85293e-05 1.96099 -2.37619e-05
9 0.0223409 100 5 2 5 2 3 2 1.64167 1.12769e-05 1.81139 -1.94155e-05
10 0.0265126 100 5 2 5 2 3 2 1.51026 -2.8722e-05 1.67773 -1.23859e-05
11 0.0309335 100 5 2 5 2 3 2 1.40195 -2.13352e-05 1.55953 -6.63722e-06
12 0.035584 100 5 2 5 2 3 2 1.31236 5.19436e-06 1.45551 -3.69213e-06
13 0.0404448 100 5 2 5 2 3 2 1.24102 -1.86335e-05 1.36423 1.70665e-07
14 0.0454958 100 5 2 5 2 3 2 1.18106 -2.24824e-05 1.28418 3.17225e-06
15 0.0507195 100 5 2 5 2 3 2 1.12947 6.36169e-06 1.21386 5.70819e-06
16 0.0561008 100 5 2 5 2 3 2 1.09005 -1.81846e-05 1.15194 7.37494e-06
17 0.0616268 100 4 2 5 2 3 2 1.05262 -7.47682e-06 1.09715 8.9979e-06
18 0.0672868 100 5 2 5 2 3 2 1.02191 -1.38529e-05 1.04862 1.01579e-05
19 0.0730694 100 4 2 5 2 3 2 0.998145 -7.07419e-06 1.00529 1.12431e-05
20 0.0789633 100 4 2 5 2 3 2 0.975437 -1.10527e-05 0.966404 1.2099e-05
21 0.0849584 100 4 2 5 2 3 2 0.957701 -1.42013e-05 0.931365 1.27159e-05
22 0.0910463 100 4 2 4 2 3 2 0.942202 1.06132e-05 0.899646 1.36507e-05
23 0.0972201 100 4 2 4 2 3 2 0.930323 -2.70511e-05 0.870836 1.36863e-05
24 0.103474 100 4 2 4 2 3 2 0.921129 -4.14869e-05 0.844562 1.36354e-05
25 0.109801 100 4 2 4 2 3 2 0.908231 -6.91776e-07 0.820454 1.40261e-05
26 0.116198 100 4 2 4 2 3 2 0.902035 -2.21485e-05 0.798321 1.41779e-05
27 0.122659 100 4 2 4 2 3 2 0.898066 0.00139278 0.777938 3.43338e-05
28 0.12918 100 4 2 4 2 3 2 0.89319 -0.00144132 0.75908 7.37233e-06
29 0.135756 100 4 2 4 2 3 2 0.890128 -2.65381e-05 0.741597 1.00226e-05
30 0.142382 100 4 2 4 2 3 2 0.886708 -5.11618e-05 0.725336 1.01859e-05
31 0.149056 100 4 2 4 2 3 2 0.883456 -5.50215e-05 0.710154 1.00637e-05
32 0.155774 100 4 2 4 2 3 2 0.882432 -3.71627e-05 0.695973 1.0059e-05
33 0.162533 100 4 2 4 2 3 2 0.877752 -4.76319e-05 0.68264 1.00247e-05
34 0.169331 100 4 2 4 2 3 2 0.881907 -0.000112798 0.670193 9.12042e-06
35 0.176166 100 4 2 4 2 3 2 0.885943 -3.13639e-05 0.658534 9.29381e-06
36 0.183036 100 4 2 4 2 3 2 0.884071 -1.46339e-07 0.647506 9.65898e-06
37 0.18994 100 4 2 4 2 3 2 0.888462 -7.79122e-05 0.637156 9.13049e-06
38 0.196875 100 4 2 4 2 3 2 0.888789 -6.74971e-05 0.627344 8.70237e-06
39 0.203842 100 4 2 4 2 3 2 0.89001 -6.41183e-05 0.618054 8.40161e-06
40 0.210837 100 4 2 4 2 3 2 0.893806 -5.03233e-05 0.60927 8.30314e-06
41 0.217861 100 4 2 4 2 3 2 0.893811 -3.39251e-05 0.600904 8.32356e-06
42 0.22491 100 4 2 4 2 3 2 0.897337 -0.000199963 0.592971 6.26179e-06
43 0.231983 100 4 2 4 2 3 2 0.90297 -1.21951e-05 0.585463 6.89478e-06
44 0.23908 100 4 2 4 2 3 2 0.909662 -7.5487e-05 0.578366 6.34644e-06
45 0.246199 100 4 2 4 2 3 2 0.91059 -8.60132e-05 0.571558 5.90624e-06
46 0.25334 100 3 2 4 2 3 2 0.915062 -7.29459e-05 0.565084 5.51933e-06
47 0.260502 100 4 2 4 2 3 2 0.92006 -9.9564e-05 0.55892 4.85718e-06
48 0.267685 100 4 2 4 2 3 2 0.924368 -8.65815e-05 0.553032 4.4106e-06
49 0.274887 100 4 2 3 2 3 2 0.927497 -0.000125002 0.547387 2.62607e-06
50 0.282108 100 5 2 4 2 3 2 0.935066 -9.94498e-05 0.542044 3.07311e-06
51 0.289348 100 4 2 4 2 3 2 0.936491 -8.90291e-05 0.536874 3.20989e-06
52 0.296607 100 5 2 4 2 3 2 0.943234 -0.000138525 0.531961 2.42584e-06
53 0.303883 100 4 2 4 2 3 2 0.948072 0.00156562 0.52725 2.78474e-05
54 0.311177 100 4 2 4 2 3 2 0.952292 -0.00175488 0.522726 -2.44676e-06
55 0.318488 100 4 2 4 2 3 2 0.959594 -9.41966e-05 0.518427 4.97761e-07
56 0.325817 100 4 2 4 2 3 2 0.962731 -9.78238e-05 0.514268 8.39708e-07
57 0.333163 100 3 2 4 2 3 2 0.96767 -0.000124073 0.510278 7.24767e-07
58 0.340526 100 4 2 4 2 3 2 0.969454 -0.000111575 0.5064 6.9155e-07
59 0.347905 100 3 2 4 2 3 2 0.977568 -0.000119107 0.502732 6.51652e-07
60 0.355299 100 3 2 4 2 3 2 0.983887 -0.000135581 0.499219 2.48996e-07
61 0.362708 100 4 2 4 2 3 2 0.987097 -0.000118528 0.495809 1.73726e-07
62 0.370132 100 4 2 4 2 3 2 0.994124 -0.00103776 0.492563 -1.41206e-05
63 0.377571 100 4 2 4 2 3 2 0.996334 0.000831725 0.489389 4.11018e-06
64 0.385023 100 4 2 4 2 3 2 1.00145 -8.61179e-05 0.486341 2.82353e-06
65 0.392489 100 3 2 4 2 3 2 1.00239 -0.000155396 0.483347 1.90416e-06
66 0.399969 100 3 2 4 2 3 2 1.01122 -0.00012649 0.480541 1.43734e-06
67 0.407462 100 3 2 4 2 3 2 1.0149 -0.000137878 0.47781 8.75713e-07
68 0.414968 100 3 2 4 2 3 2 1.02034 -0.00011725 0.47519 7.03203e-07
69 0.422487 100 4 2 4 2 3 2 1.02579 -0.000127573 0.472673 2.08301e-07
70 0.430018 100 4 2 4 2 3 2 1.02615 -9.83081e-05 0.470177 5.34151e-08
71 0.437563 100 3 2 4 2 3 2 1.03425 -0.000192221 0.467832 -1.50461e-06
../sysdeps/unix/sysv/linux/poll.c:29:error: [Thread debugging using libthread_db enabled]
../sysdeps/unix/sysv/linux/poll.c:29:error: Using host libthread_db library "/lib/x86_64-linux-gnu/libthread_db.so.1".
../sysdeps/unix/sysv/linux/poll.c:29:error: Program received signal SIGINT, Interrupt.
